-28097
-17490
3382
-43151
13365
-31404
-3314
20588
36952
43208
-44321
16373
-21854
-21888
2066
-2828
42312
-36253
-14755
46570
-179
-26219
-26621
26181
38604
41077
-20528
-11009
-24695
-27061
34995
-40801
-5768
-35465
39028
-30247
-26399
-35054
-1557
16418
46856
5618
8733
-37234
-36787
12621
47420
34641
-27832
29541
-48758
3848
1575
9162
21668
33427
-39674
-23396
26806
41844
-28534
-44626
-34392
-34542
-13768
-12670
-33097
39071
38338
42929
-21742
35281
44733
3504
28395
-15921
28232
24073
7162
-6170
4764
32771
13570
-33636
40095
47875
31867
-3823
-27686
21811
33787
-31979
45882
-33253
48162
-48343
-33994
-40164
-16390
24642
-38700
-43573
33933
-14537
-12019
39217
-14836
23377
-8551
-8161
-41900
9077
-8645
-7979
37490
43973
-36301
-27921
8764
-19254
17894
32684
46140
1736
-31071
8249
13790
-6329
-40288
35738
47198
-1342
-34072
-12007
-1577
30287
34833
-12450
-6488
-3141
-27284
5106
42987
32827
41510
9615
-39363
11391
9375
28119
-47670
25939
-37936
8076
-33653
47733
21769
22419
-31689
10460
36267
15201
36506
27681
43008
45456
40765
-699
532
233
23762
40555
-35100
-5512
-5284
-25021
-40357
-23402
-40902
29142
-35241
-1823
48979
34130
43001
-8316
4715
300
8868
-13880
-6514
2535
-29097
-17198
-44745
478
-42778
-7648
-13915
46449
-16020
43423
-4332
30039
-43006
33698
-588
5049
-23969
36683
-13967
-35881
-45499
-41666
-6575
42485
-40780
-5164
-7468
-49615
32243
4567
1478
3028
20299
-42436
24061
3716
7042
-7047
-22839
-21581
-25530
18677
-33018
13322
44697
-45769
-6065
-13813
29411
-37845
1951
4642
-4003
-47051
26722
6184
24210
42622
-6692
49187
46286
-46800
22242
11641
7812
28605
43245
7613
44717
21134
-27694
-29024
23775
21586
10728
-34280
-13528
-29206
-22394
-9754
-38481
21469
7698
6361
-18435
19904
-46188
36418
-47603
47078
26928
-30348
7188
-3885
-20960
37345
-11983
-43997
3634
-4586
2021
38326
12160
22230
-46729
-7793
32190
-48129
-33640
25839
37618
49535
24027
10659
-28752
-30319
34391
20527
-9869
-34079
40334
5780
7426
28391
-3543
26361
23661
-20251
-49401
17143
-30004
-14449
22368
-37073
-25777
-15867
49635
-27565
-27993
47886
21098
38115
-25810
42929
-31443
-1930
4322
24723
-30187
-10362
-6333
-40513
32096
39639
3324
-31458
4072
-20434
49052
18825
4680
-30358
41155
-10717
5203
-36746
-18113
-39607
8251
-13592
-12070
3737
-20775
39049
-322
-31003
-44820
18439
42618
-2028
-43528
-42802
-7546
11584
37328
-9464
6206
24652
-5306
5174
17271
36731
-10001
35276
-49481
15799
2716
5515
-25628
1905
-4443
12753
30482
-25471
41105
22092
9070
15674
33848
-27422
-44656
-11629
9093
34463
-1464
10399
38307
22638
25207
38316
-653
19039
-1963
-28771
29678
-8336
-28741
33866
-5556
-5892
33347
-29273
48246
15624
23207
-43051
46900
-40521
-17823
-6649
3214
1897
9744
20046
-40782
45391
-20706
-16668
-30039
14666
35843
22312
-1044
17384
29259
-9582
-30285
-16572
-2451
10819
28386
9310
10949
-14979
10714
4959
12121
12938
-48016
35597
38919
14240
-4009
12859
46206
32695
-8953
37062
-3036
7610
10103
-3223
30545
30621
-36846
41145
-40003
-4134
-41537
25293
20137
17994
-13771
13657
23178
45566
-49465
-31316
-13827
-3517
-48540
17477
-22888
-44825
-12613
48025
-21549
-45874
30719
20860
-243
28626
-24081
-49392
23060
-37486
33577
39159
15860
29323
27555
32876
8041
-29041
37954
-22698
-15097
20521
-29461
33929
-42213
-41343
1880
1844
47961
47534
13094
-9137
1858
42795
39598
-18993
33517
-23647
3657
-37669
15947
16287
17492
-33995
-8997
39002
-11797
-41581
5466
-26996
-41028
7638
-14640
-45990
17251
-19338
14257
31605
18108
-13
-40359
-1721
752
-43591
26151
-2896
31486
2511
-31679
-11014
41474
38612
43824
48081
-25297
-45027
-36698
-42858
-45453
21841
-5587
46538
-30846
5810
-40204
-15302
-28345
-1029
-38573
13775
-3793
-22224
40525
-23019
3379
22436
21327
19710
-45065
38872
20935
35605
-2778
-46899
17740
-7212
9981
-18943
39787
6876
24603
36402
519
36730
8007
13900
-11476
14478
37531
31204
10975
2215
-10665
19742
41628
8089
-1461
47245
-20637
-3853
-13560
30400
36080
1562
10101
48220
-35745
46582
-41616
-38281
18226
-18882
2782
5908
37714
19112
8836
-18967
-9412
39988
37150
947
-34585
23086
25599
-30677
9546
-27816
-41758
6312
-20019
-18807
18159
5924
-24746
-26528
-40157
-38848
-37982
-5745
-12174
23045
-45349
-9000
29841
40989
-34382
47235
-11304
-29778
-23450
15789
-4159
-46566
35748
-1824
12528
-5910
2432
-24945
34473
-33918
-4571
-6665
-21349
29365
-5264
10860
-41068
-43407
21235
-36883
31115
17851
-16643
-46052
-15095
6559
32901
-9894
4859
17233
18245
-11193
25095
-37398
3626
23213
-43189
-26396
-29113
35356
-17366
26228
6048
4120
1802
42424
-30104
36482
34934
-4193
-31259
-49575
-29711
-11258
43889
-27947
-48345
-8388
24073
23361
35619
-92
16244
10947
48380
8261
18030
-31473
10469
11162
4304
-47869
-26901
9508
-45372
22415
-9615
44736
2918
-4259
-12715
13742
33388
-23950
-25895
-28869
-2988
4743
-38602
-11255
37267
-8827
6454
-621
18797
28096
28643
-3106
45330
496
-8516
46462
-13277
-27436
-19385
16140
-14306
47757
-28274
42142
-20886
-7272
17934
18724
17915
-31699
-36933
-29025
-30442
26193
-37763
-33250
20744
32225
7445
-16097
-33578
-44616
-15974
35471
-11337
39677
46401
10070
-15954
-19592
-47095
1133
14434
-14276
-41706
-8042
9698
14349
-23893
-35087
-7703
97
36996
39308
31925
15693
-12779
-34391
42363
46048
32355
-40036
-38106
4556
-19330
-22357
11262
-34272
457
-47429
-26616
48102
16937
-25902
-4694
681
-10193
-49471
29272
-7349
-48518
-10613
-5004
28334
36059
-31226
33356
-21253
29911
48104
-43257
35996
-3796
-46272
43260
26533
-49025
40811
28617
39847
44567
-47501
41078
47069
-46244
27959
10880
42287
-29497
14057
17006
49683
36045
1612
27861
48133
28402
43533
-31514
11626
-7183
44036
-47628
22044
-9629
-32089
47384
43035
-15817
8330
-12939
43554
-41851
-46798
45437
39580
-29292
7295
-3855
9625
30979
21049
-49468
4170
20832
45988
21472
-36707
-8767
41907
29055
-12898
-12875
-29017
-13471
-19017
-18254
25515
-46422
24054
-20529
-426
-10554
35583
-12540
-46108
-5555
-27246
10491
41658
18405
34314
30110
3753
-25187
-40700
-48055
-35050
10570
20778
35696
-44757
17686
-11213
-41823
7274
-14301
12523
10820
-10551
-41696
2982
20241
-41416
-46138
757
33007
-24651
-6043
41232
-24315
-33345
-13302
-32419
-34798
38232
43711
22309
21193
-46234
48
-9345
30176
27782
-295
-9321
-20409
36051
-39777
17137
47747
-32540
-22717
16534
39299
26879
-18472
-14490
5848
25875
34352
5177
-10842
26351
27994
39701
-34460
-3834
49574
-23146
33165
-19170
-12596
11
36424
3966
11132
-2040
-29679
-31847
19685
-6248
33072
-26123
18433
41649
-43934
947
24544
-11850
-35865
40842
20924
8630
-41993
-47352
28464
-31479
47779
36480
-27080
19475
4874
37055
-15616
35866
-9035
-31259
-3168
-18659
40230
-35611
-3214
-552
3451
-34965
-29341
48572
-16626
-8888
8138
17100
42355
-41141
-39333
-34902
-25721
-32725
-25041
-28917
31229
21356
-23230
-20236
-4449
-40524
2164
-3917
47059
23339
41216
20629
-24082
-15768
-1763
-44968
12329
37515
16212
10670
37578
35865
13984
-6433
35950
48501
-25367
1023
33089
13429
1681
-38447
-46190
22572
-45316
-22896
-21531
19492
31491
-9667
13489
-5854
44378
-28309
5986
7394
-27638
-42521
-14497
21744
-40889
48939
-8195
17358
4181
-26070
37866
-14185
1732
-4766
-48447
-42607
2363
-44372
-5789
8344
48585
29020
-13169
-41947
5496
22559
-26977
33104
38232
-32814
-14569
-27394
3205
-43158
-34409
-11478
40722
-23890
16562
47397
-13006
-9169
4347
-30718
11715
-20382
3640
-19563
-17999
-5021
41286
-29511
-29022
-30447
33131
-44349
-25415
47554
-2429
-2199
31953
26719
-22473
-15087
39754
-16154
40794
48135
26158
41618
-5444
24854
30523
-38777
45493
-18507
22174
33736
-41649
-40916
6221
-46577
-20024
46774
-34516
-49235
-37264
17462
-40293
2525
39627
2815
47685
-43221
-32647
49187
33002
-36538
25322
-11302
28028
-28114
-18460
19451
-38613
33437
-49980
19852
-47158
1435
40635
-42531
48181
48543
17520
-28172
30660
16095
36067
-42924
25073
8506
-34877
-24257
-22980
-20372
-1280
-20221
-12744
40790
-38087
-30909
-10900
25620
-43095
48167
-13816
-23220
7301
47926
24077
43755
48430
37253
-6635
34022
-8065
40233
-30744
24325
-16362
5206
-43595
7345
29682
-29060
-25699
37809
-16403
-39186
-27063
40707
17059
49068
28536
35753
-48967
15608
-6072
-37755
-37902
-2400
-8919
-9501
-17
-30177
-1253
-30053
-31365
-24761
7110
-30309
-38123
44311
-33446
37669
20447
-43330
-22204
5468
-29618
25450
-26424
-13728
21783
20267
46857
-45940
9139
35521
-27261
31318
21445
44778
7893
-39806
-11149
36235
-29509
914
28027
-40122
7252
-12063
-20123
27913
-21688
-3596
31982
-38834
25415
35331
263
-42296
-33320
-27458
31647
12330
-47217
35389
-21365
24892
-10747
-6641
23528
-20193
-13346
-7770
9564
-2300
37598
-22699
19196
18051
44140
-2074
1564
6554
48917
-18705
-28879
-32862
-23188
-35935
-12152
23521
-31904
40108
-20411
38620
3639
-5966
40172
-30178
44056
15005
26138
-45850
3320
-43043
-7517
-39009
-43518
-38910
-2070
-16074
17310
-24830
-37840
-37139
-24919
10151
-48497
-15800
34703
-35302
29747
-7381
-9998
38607
34636
14320
36789
18792
32568
17612
2195
-19980
34726
48786
48167
46947
-31944
28289
577
-40460
-46586
42024
-26015
-12958
-10247
27915
46214
-18213
48226
-29086
1333
-39066
29820
16976
17659
-5775
-45124
-30909
-38698
-17769
-36147
43708
41936
36018
-21144
40431
6136
-11281
-39613
30401
-39551
-35223
-44117
16322
38077
-4451
33907
-38679
-15068
-36753
-16886
3103
-18851
21067
11898
-22555
48752
-2333
48858
22916
4164
2625
-34933
-27002
-32963
43706
22425
43550
-47569
20873
-36750
44111
14522
-6746
35358
49199
18666
23028
-27158
12067
-48237
-35004
21257
-47077
-42232
30441
-48343
43133
-35078
46290
22660
38981
-39639
21135
-1839
-5684
-6318
-35094
-45695
15626
-26685
-17546
-15611
-21010
11329
-21825
-9851
27022
-15303
-6670
49432
-40482
43185
-908
-34621
12776
-31719
-5094
14075
806
45164
-3537
-42482
41306
-1179
-15434
-31296
-23511
-25204
-48506
-38426
35466
-18217
-14594
31521
23339
39791
27061
38144
-28651
47902
45601
37314
-4765
-24168
-911
-15796
23722
44445
34711
-1855
-29880
-7007
5355
-40309
-30025
19801
12676
-20770
41064
-2137
41408
-2916
-45875
26823
-17445
43879
16436
-26506
-4183
-36029
9442
2720
44021
-38621
-16258
-18171
38798
-7299
9043
-13210
-39179
-32944
36482
-16577
-28120
-14638
41178
23053
-19966
-14763
2848
-47407
-4589
46487
-22256
-2535
44994
-1194
4355
-17404
-26708
-39677
45502
-22410
-18114
-27678
12680
-1280
38846
-46343
-49927
49719
41917
48328
21918
-27208
32709
-18205
-48570
-16370
-10677
-41853
3520
10370
29492
42241
36452
-32254
33005
-15614
-13207
24037
-21459
42639
-45949
5439
34416
-22572
-42644
-22480
26811
25138
-25857
-12244
17672
-28117
27124
-36932
32528
5699
13518
35050
-49697
46062
37695
43406
40738
46699
-8996
8460
-27117
23512
28317
-20841
21342
-15042
-7969
-12120
39582
48223
-47124
29962
31046
37310
24671
11791
-7922
49052
-28753
-31994
12882
-7031
-22468
18925
-10441
-4714
37155
32805
-20329
31133
30242
-30727
43940
44078
-29203
-48028
-8683
-48383
28341
-5043
33111
-43772
43363
-31549
-19475
26883
-18561
1200
27035
15487
-46648
-42918
-7029
-33136
-3237
-25886
-43089
42968
-9537
48833
9721
-32889
-3333
28299
40568
24630
11684
-3273
39831
-13499
46983
-34940
-19957
47174
-46743
-43741
-38898
16003
33703
-16724
-13859
-49975
33994
-6382
17214
7640
-15149
49442
38613
-12375
36672
-45722
-2937
-44168
-2055
-39440
11477
27256
-47823
31918
-1550
31513
-41843
-47662
-5567
-45525
39890
47988
33073
-27906
35513
-3355
-24388
-13355
41693
1611
-40684
24473
-36549
45947
48490
-4589
-35865
-49680
48734
-47011
-38510
-8791
28953
-49803
41031
13776
17014
-29283
17632
41055
18761
8951
34785
-24372
-9960
-14905
19586
38460
-3213
-14842
28776
3920
-24825
41776
4555
20499
46522
9644
29858
94
39008
30399
27516
-872
-6864
-47532
-4780
-7685
28243
-37639
-5104
24117
-2295
-43591
-2541
7166
-18026
31320
-33981
-2895
15756
41726
-14801
27005
-221
-33583
-42048
-23991
29294
34353
-21614
39489
3065
-11438
18220
29531
-32902
-44775
34601
-10528
-34603
-25254
26414
37133
-22962
39400
-23303
-3832
-27651
-4078
8950
18734
5007
37321
35626
15813
41361
1474
26727
39966
-40218
-20246
23119
-12588
5739
1906
11401
45502
-6825
39039
29148
40037
42673
-42168
22273
-21433
-25341
14780
710
-12406
37577
18587
10848
150
38578
-8802
-16392
6242
-20163
-20720
-2148
-21510
-36419
31127
14279
41256
14740
32433
-24588
-32210
-13659
3127
17263
-29649
-5543
-26865
-8143
-3921
36441
-40451
35300
38469
19016
-23359
21144
2250
49465
19006
37776
-8866
-38079
-26713
44887
-47178
9644
22705
4872
-42076
-49055
-34733
-107
-44952
47647
32096
-969
17269
45244
-23577
41719
-15523
42495
49949
4607
38202
-11682
4069
45435
-13
764
43217
-19223
32417
-19244
46171
-45297
35346
-34028
40181
27786
39656
-97
-16882
-38822
-27194
-22671
47275
30194
36393
10004
15595
-38165
11898
21727
1066
29491
-30385
8503
10557
9499
22377
38161
-19242
-9767
-37558
136
5634
48521
31742
-10811
-20385
-49861
48432
40512
2609
-4292
10394
-4960
27758
13823
10616
44477
-25068
-20435
43957
10700
20435
25242
-25784
-8387
25998
-15187
-21813
8820
-19771
36645
4212
-66
-29507
-18308
15820
-23943
18266
-11854
37473
14142
-33511
2874
45778
47592
27457
-15432
-34629
47445
-7481
-46873
-11317
-25182
18328
-36385
-13890
-24869
-42954
-22595
44811
12562
11440
-7593
-31871
-46166
-11892
-48288
33222
2835
27511
-8255
-46444
-7124
-1652
-12129
15540
1857
-16973
48358
18081
-41285
-14570
-25922
15872
-668
45884
29416
18084
-23720
47614
-48473
-16218
-11242
-118
-14363
-11897
49843
-48280
-9901
-35792
-35560
39306
44159
-2448
-1022
31361
-5825
25323
-38003
-49137
23142
10687
-35289
32834
5975
-21028
-41027
-49206
-39772
23494
32528
18166
7919
-17705
-11115
-19015
-27341
35621
-27858
5476
-27380
-25554
36318
34636
44303
27315
25332
-22039
-35027
10156
18388
44502
8148
24703
-30391
-9993
-19765
46849
7422
-41226
44518
43400
21305
45504
-43371
-37064
25043
12636
24677
41074
-46352
29087
34275
49227
-3128
-39323
3672
-32900
40279
9886
-5917
-13408
30708
-5386
-45976
20255
-38823
-44199
-35348
5876
-18175
32088
-22132
33395
14417
-42738
25325
49405
35003
41958
-26087
6025
-46160
-25848
-6075
35062
-12658
-20066
-23358
33409
24720
39162
-22416
-39437
29007
-42122
4292
11093
15752
28260
14020
12923
-2508
34550
-16763
15712
-29768
21001
1749
-25274
-24012
-4240
-1764
-21267
-19167
33752
-4050
-14786
37204
-311
786
32873
38916
-32686
-4540
15052
36741
1715
18590
6097
17936
-18957
-13451
4585
3741
47984
14065
-10652
-16562
17879
-9430
27589
29140
-6451
-46370
39946
30574
-4193
-36347
-19231
-27701
-45591
12993
-29696
44536
10010
-46218
-45401
-31580
-26889
19215
-40508
16349
-47523
-29208
-36072
-22244
22025
21488
-2008
-36022
-11619
-46901
-2860
-8681
25954
-23046
-4215
39173
-6613
-33428
-31583
21336
34395
-23041
-23684
30726
45820
19010
-609
6668
-16244
-2240
26405
9810
19855
-35182
27512
14765
-9883
27013
-46656
-36951
7781
-43243
-48663
42803
-27029
-31229
-4849
-42161
-34176
-21137
46018
31502
-4209
48995
-26640
19747
-8947
-11592
46851
28487
35517
13323
16331
-42079
-38842
33394
45154
-4302
15543
-16888
-9841
-14581
45583
38405
12717
-37803
-15785
30992
27725
-21744
42141
-5509
-10538
-2898
-45298
7937
-10064
14826
14182
35783
-35647
-15215
-40458
11509
-12948
-5
-28613
47448
-11673
-30246
-33332
48062
-20187
36980
912
-37877
29492
-22637
4251
-34554
5395
-20519
-4171
-11490
-26237
-16582
24574
7015
31414
-30341
12317
-26572
-33608
-25057
25714
32812
28676
33343
3283
22905
20677
-18620
-5399
13608
-44200
27700
19538
-46037
19034
-26758
-23221
-7903
23165
-40355
-6451
-31
15444
27639
18265
26463
27273
30295
-41381
-42518
412
5356
-36274
19295
40114
-32407
10653
-32794
-21188
13388
46348
-11791
21708
10368
9690
-8084
-46739
39540
-32388
-39680
37534
10831
27168
11232
5313
-20928
-2348
-3943
19317
-46532
3292
-21032
-10721
13595
32066
46785
-14853
-21393
24386
-16819
31172
22892
44169
24781
-25269
9248
23630
-13138
10708
36938
30146
26439
-15326
-40678
41001
-35992
14046
-46010
48589
-9545
5306
-28771
-18688
33211
-6740
-45453
3852
-43270
-33901
33034
-33864
48736
5848
-23740
-31392
8566
48579
-23611
-713
22420
-35862
-45661
11263
-34477
-5555
-34454
16969
-48959
-38668
26733
41380
2571
29721
15399
1207
-8834
13293
8988
-39722
-10272
-5329
-18290
-3812
-45057
-26337
-41138
-15208
-25107
6360
38754
360
23348
-22572
-14239
-47515
16742
-47981
-48785
-34742
-7727
-24480
-12180
48376
-29234
-3852
-34477
25310
-20790
-30569
23144
17953
-17272
10434
-36428
37889
-42954
-5175
21304
-20456
-37682
-5139
-36874
-18665
26129
27419
3145
31706
7684
13324
-23057
7754
1173
-15032
2819
19075
27055
-31119
-48474
5257
-36878
-13030
-23362
-26360
-31357
-48946
-3054
-29028
-47258
34522
-39362
-49905
20113
-16982
8676
48828
18261
669
47042
-44132
-3551
12055
-33447
-28052
-6586
-25037
27060
-40300
-8539
-27287
15906
36018
18799
20393
15008
-21763
36624
48379
-12350
-20383
17239
-5308
-4257
7639
-31098
38466
-1226
833
-42218
33132
-8697
29335
25758
-138
-35725
8494
-32071
-18338
758
-44877
38513
-22402
1827
-20876
18018
3818
32574
-26067
-25410
286
26236
-11791
21055
8172
22205
-28166
-23994
-9210
-43297
22315
-9973
26327
-5027
-6209
3068
29129
-49891
6670
-14414
-28723
-39922
-21134
-5426
17885
25310
-4318
37951
-44915
7033
-29543
18337
46066
-48718
-10271
-43069
-9466
27912
-21128
-12679
40124
33447
8316
34872
49863
31520
7900
-5134
20056
7548
-23750
40779
321
1884
-19582
-5133
-3928
27894
-49279
-16616
-28543
25911
-34296
-11239
-45690
-39586
-45748
35302
-14412
16980
31428
49587
233
-3253
18977
-16817
-47155
-24183
7102
16715
-17843
24035
5177
4931
7405
5815
45396
-1342
-17473
26139
-7229
-25614
-28072
-42919
16791
-6745
-49379
8246
-30274
41691
-8050
39365
-8223
185
-23770
-28015
-22670
2562
-29384
7851
-421
-37746
-31487
-44509
28673
-23764
-20714
-812
-11257
-33117
21019
-7607
6573
45563
-24350
3091
29590
-28631
47581
33941
-48479
29630
10618
-40153
34369
26373
668
-32488
-24845
17800
-30564
-16360
-10127
25555
-19877
3291
-26555
-27864
-25610
45900
-16675
-26948
18778
-11524
-3184
41258
-28654
27597
-32325
-41713
-3834
-25752
35596
-17793
-23632
40126
-46445
29663
-5971
-17153
-25158
41993
17612
33683
-6834
-43744
-26980
5332
-3671
-12203
-8134
-31428
21246
-36991
31965
-33006
42976
-46507
4324
39770
-28659
15131
-46193
19957
-37246
2403
29540
-17681
47234
-17242
-19003
9062
-10979
-17686
-30535
47469
-1825
17332
25450
36868
617
-13974
35467
-9263
-47737
44243
-40419
-19519
-11658
37143
31093
-39411
6809
15227
-24672
22563
41585
-31001
44407
-22537
47972
-25073
-5961
1373
-20207
-42242
8175
35744
-46907
33417
42654
29206
-28815
-21933
-27973
-6736
24091
-29444
-35020
31437
38930
-35902
-11576
-29875
41793
28556
24068
9885
-9981
-12909
-47362
-17801
-37936
48123
3627
-22886
33044
-32239
-38651
-27374
-10414
21233
47102
-2357
36886
17458
47984
41965
-4666
2168
8573
31643
-22519
-23490
294
-34356
34805
-15269
22813
19158
-42210
46966
-33600
-3603
-3747
33872
-1781
-11296
34183
-30181
39004
39988
23800
16297
1934
-14074
26387
30324
37652
1699
-1638
703
-11732
35248
39148
33818
-4610
30488
20712
-17952
-49121
15839
18111
7815
-159
17372
39110
-21694
17012
19818
15071
-9204
5151
-26190
45200
3915
24727
-46009
852
28328
20780
5768
-47986
-16974
-38639
40296
-9253
-23601
28602
29832
6047
-18518
42697
-37248
-46535
-474
41194
-20905
17098
-16391
-37711
-17731
42257
-41102
6865
32374
-28119
-1786
-38985
-40499
-44587
-7987
30500
24637
-31422
-7748
5799
-32720
-32130
-16360
34629
38342
16888
36781
48482
-22892
-11029
35984
43465
-5507
-20907
-23656
-24820
-4474
-10327
14766
-4465
-15766
-26023
-39639
-15615
8870
44565
-24981
-547
-32783
43610
7178
35914
-9775
-7660
-2354
1850
43765
12864
-21213
-2114
-24999
-44864
35151
-20821
-5113
-4166
42751
6989
-36455
-32602
-29208
-47827
38478
39200
-12752
-11163
12613
5012
3255
36030
9920
-11252
-32872
-777
44603
26052
17297
-34416
10486
-49120
823
-21842
-20384
15691
26597
44255
24084
-47387
42864
33385
17442
-49615
-24273
-3506
-39920
33214
14417
25553
29947
37408
-18134
34556
43309
16107
43816
428
33902
16948
17855
18840
-40403
-18301
-45851
29984
4544
-4916
33340
-33557
-29787
31724
-25317
-47753
-37257
166
21874
24035
-41234
-45201
-25907
13124
-49862
-26675
-46511
6595
-44451
-44423
42278
-19037
-21080
-15503
40414
-34795
11035
-4823
-10646
8834
8033
17041
28298
15547
30093
-31497
-45082
-25579
-2775
14233
30656
-43814
29440
-28211
17963
-36786
12788
-18984
-29535
-35476
-33604
10045
-1843
-3944
-8669
48707
44182
-21076
44540
27577
-7045
-7307
28495
-35812
-15290
27489
-851
-33874
46275
-10526
-44052
-9501
-41600
42157
-44993
-25604
-21203
973
40249
49330
33169
36782
22981
-33216
20247
27397
-34888
-39678
2982
45836
-8073
-11362
-24287
-29658
-24861
34088
-29703
252
16589
-30131
36487
17015
46336
49354
-34534
-2963
26623
17668
12121
-45434
-37614
44860
38203
-19114
-12329
-28210
41709
15975
-11913
21603
3229
19945
32405
-45389
40546
-8789
39117
-8078
48089
14949
46661
-35055
17108
-27202
48480
-36321
3458
-35806
43557
3178
-49834
26402
48775
35993
-19967
29426
3690
34430
38986
-12879
-49653
-37695
-11850
34536
729
3149
-10855
20900
-13577
-27970
16844
-11687
-596
-49910
28062
-878
44702
28592
32347
-24551
-44029
-39597
22382
4261
-1942
-43042
1381
-23313
7222
-10820
22297
-9463
-39153
-4632
-15200
11344
20085
31300
-20664
-43963
-26206
30199
-8752
-339
8870
41420
36138
328
8616
-27115
-8159
42167
-33105
-45225
-37000
35946
6218
-19956
-44821
38053
-42834
10213
-5424
15240
44828
-15031
21839
12555
27390
37862
-20945
16597
-5678
-29043
4468
40945
-15636
19786
22000
-30532
40266
2185
15725
22012
19575
43380
39822
-38238
44346
29670
35000
-41700
3255
13337
31081
-28730
-36242
21450
-4544
-41723
42294
1784
19428
5437
25673
-31480
8071
42266
14262
-7208
7381
-3415
-35884
-17558
15306
-18363
-13231
38186
-39447
-28433
-827
-3049
773
-19471
4957
41142
-40801
13918
33092
-27830
24853
-26615
-737
-41830
48233
-30374
5483
-402
-37258
18089
-4596
-20765
4297
-1970
-45502
31715
-35109
-31761
-32127
8163
-9904
40517
13691
9168
-5256
-37765
35946
16560
46599
42599
26601
-12450
-5283
19489
15964
-22761
-14635
20861
-27375
-25384
-12287
43368
-10530
-36877
15014
-40202
40948
-42449
17101
-30144
47004
-20079
49586
-16371
-3912
42384
37754
8091
-42366
44431
-28615
16510
-25080
17189
-45820
19689
-20401
5945
20683
4785
-19934
-37035
-8363
40036
-41905
-25111
-42006
32221
-25736
23234
-34837
3793
-27314
39446
43982
-36574
-35830
-2857
389
37114
-11268
49492
4996
-21366
-33305
-44186
-16040
39177
-19836
6291
-1437
-34083
-20015
-36149
15405
-6010
-36481
43570
-42697
-22058
11178
-47048
26980
16908
-29966
48551
-29942
-29970
-11342
43344
-47326
25684
40430
36725
18350
-6618
44800
21031
-31183
48603
1803
-47638
-848
11512
22452
-10698
40276
-8286
-38907
-31940
16998
-29503
-14562
-4077
18016
-9897
19900
45726
22431
43023
-20455
-17241
11765
-15050
7274
-12923
-47661
30706
8095
-41034
29042
46145
-9771
-16283
49636
-17510
26503
3882
-7548
34185
26832
-13934
22152
-36528
-12442
-384
15579
-39122
-21890
-34443
-17784
-17238
-3326
-24717
-35042
-48072
-4651
-39684
32518
43853
-5493
41927
-35038
-48223
-8826
44484
-30586
29090
-18063
-33388
-30127
30063
-6287
-26794
-17559
-10085
17165
1821
43261
-30238
-30676
-14453
-45093
18706
29139
-32592
23983
19236
-37696
35381
-24635
-49547
-14007
-39842
39457
21854
-42161
7739
49809
37011
27234
-32599
5274
36133
-47717
19719
-1698
-2128
45810
-36964
47775
48778
49392
-15883
3277
-27416
19677
26697
-25062
10585
-19747
20135
-47287
15401
-11465
-21553
313
10182
-11780
-13495
38000
-36574
10475
-22778
5773
-24205
12250
-10728
42685
30538
-46135
-8521
13702
-6160
-31037
-43911
-18443
17234
11469
22893
26512
10040
48316
-3458
36278
11738
45510
12505
9394
25619
-8143
-8042
-37177
42687
29128
9682
-25773
-14341
-23528
-2522
38323
-46373
-9315
-12301
-15805
-4953
-28447
43128
27071
11255
-37517
-15649
31901
-30410
-8969
15974
-21939
-36696
-9740
17686
-16685
4973
28160
-32807
-17796
-6972
-41867
-19033
-31397
38786
28821
-42294
44705
-19796
-30983
26173
15197
-22752
-4421
-32319
-19306
47813
7345
1329
-9233
-36218
10352
-2161
-38564
6500
-15170
-18066
2328
4015
47776
11919
-2893
-38058
39047
32404
40019
3680
-40397
-45727
-46486
-19297
4920
-32776
45759
-15481
3853
29087
-21993
-39392
-48249
-8960
-24445
-43460
32731
40132
-30115
-22049
-42238
-2159
-33613
-44147
23344
-858
-734
-23530
9078
24666
-27245
40223
45221
-35372
25137
39968
-41498
43423
-8751
590
-20828
25262
-18146
-17052
-37257
-22446
-4081
-23033
11097
37727
2071
39438
-28738
11476
17282
-21757
-24713
24635
49899
21647
-10929
-23857
26190
-26777
34375
-25846
-34500
48876
-23140
-48256
-32558
-9783
-32393
12190
7360
45718
-4593
-2849
36300
7709
-32842
24856
49711
28439
33767
-21675
-46905
44029
41525
-35264
47334
41752
7711
42867
36240
27107
11609
27482
-2321
40630
4193
-11539
-29382
24691
29308
-19166
-39823
14899
-45866
320
1872
-38242
-39490
-3524
46084
-38492
-21905
-32126
16727
599
29058
36727
15712
-40685
-1696
8465
16234
3636
-41257
-28149
28908
26976
-48596
-40499
24434
-48843
23874
43298
-13460
-7142
21821
14069
-16964
19975
-5570
-16146
47094
-46637
-26585
9219
-28126
-20938
-32771
9156
-32588
-2972
-24092
-2010
-41638
33763
46042
32314
5690
39221
36969
-49590
25682
-21019
-21352
29886
-21716
2316
32870
46967
11709
-45171
-34025
-25168
-28119
17863
-24188
-28929
-3553
24133
-600
-11405
41730
-2120
23915
-49744
14674
29628
-5352
1065
-29502
10210
16363
38425
37492
-16128
-18368
-45345
-25774
41275
-39683
36087
34093
-20716
-1573
25708
-21918
-45658
-45249
15248
10269
23256
47874
48658
40403
-29723
48650
35310
14699
12879
-22569
37484
42536
23234
19586
15134
48466
1355
-35699
-35858
-14936
28808
-21141
-6040
48236
-8300
-40042
365
14528
-29682
3495
-34539
11194
-2829
43713
259
35880
16542
-11006
14892
-14409
-33517
26883
26406
-45372
-1009
24140
19560
-11719
-18933
-38804
14220
46608
4434
-35453
17804
19945
33759
-30178
-45768
7694
46185
-48274
-24083
15725
-33978
8841
-41303
-26061
-20737
-16916
24830
12668
-1580
-29321
44725
5225
-18229
30308
8319
-20602
6850
-37530
42568
36721
24309
-36283
-1360
-14752
48699
20200
38339
-38795
-38008
22624
28765
-11297
-12963
4211
12027
42560
30072
40119
24661
33272
10466
-11251
-11984
-38508
-42656
30591
28700
29185
-33633
-26239
-40804
30351
-34488
-22495
-44457
-34917
-7998
-20010
43983
48995
-41173
-39993
22302
23220
-16845
41743
20732
23479
-7398
43911
20527
18072
24493
-22723
20378
23984
19425
49770
44707
14696
33965
-40379
34291
-44065
16722
27319
36846
-40166
5813
-39070
10142
27870
19638
40206
24421
3999
39042
17029
45617
42812
-45822
-30039
29066
19968
35029
-47164
-46604
-1090
19614
-34189
-35219
-46153
-38152
-47529
-18878
-25237
-26622
-46260
30180
-41666
-44207
19982
-34708
-20299
23461
-37647
32901
-13880
18150
-38539
-46065
11620
20653
-34139
-29864
2099
37669
631
-3812
32986
17349
-10269
22929
35019
45192
-5635
-8434
38197
-48127
26104
3086
-10350
477
-38135
24622
17863
26364
-31698
32928
33622
34164
-32582
-19185
-32103
44592
32055
10722
-33496
-30490
25111
15005
23264
37880
21434
-18887
15042
17477
-14896
-15692
17494
-32821
-12500
44714
-6434
23694
16031
-29506
-16192
-21313
-22344
-7079
-18395
-14926
-12611
12528
-30614
-45402
32194
26794
10604
-3939
36788
-14041
-24474
-26625
-20060
39538
19651
7947
34437
-13124
-26952
-17300
-49885
-12953
37712
30074
-24326
-32426
25979
-35329
-11815
-8366
38310
-31793
-13967
6691
-34004
-21120
-21180
-32534
-49621
10015
-38027
14494
31589
-31768
-32300
-28314
-37177
-27036
-45606
12492
8088
38831
-19421
-43701
-2641
-6377
29078
-10997
15395
-42879
-40076
35413
23748
-20
-46513
-41201
-23780
20365
-43291
-25068
33277
-22125
42358
-36428
-40466
35350
-40965
32206
21085
24474
46007
171
-41772
-2890
43429
-43525
-4765
-41399
-8975
42017
-10094
-18623
-21708
1113
-9412
-18930
-28798
-31850
-8963
-35193
-2010
15724
34735
36607
-8726
23914
-10574
3480
9209
36117
16655
22927
5014
-137
5605
-5487
36524
-17683
1268
35893
44335
15967
39174
-16299
-15019
-26694
-1652
-6340
43018
-38981
-18660
15991
1646
24219
-39440
12596
38294
21060
42096
15791
-45773
-8891
28745
-43294
34996
44389
47641
10362
-46527
-13751
5039
23523
14130
2547
-25186
-18874
33164
-17157
44240
3119
-25166
45080
-12505
29739
-16533
-49046
-38304
-13309
-35078
3560
49059
43787
45700
38241
47505
43002
-39353
-4585
-45652
10227
47292
32262
38950
44905
-34996
-15839
1700
-45777
41211
17897
-13375
46613
23487
1949
-2372
45618
37218
-10805
-16508
48845
9016
-9318
-20221
38471
48366
-45720
21309
-27306
-9222
26354
-314
-39641
39832
43405
41938
-27363
30082
-44409
47961
17085
-4095
28166
20637
-18671
37913
47437
44170
42162
28635
14886
-7190
18488
15256
24344
-25139
6046
31515
11289
-32509
-5367
34624
47254
30471
40875
-49690
-2826
-8999
-33858
-45418
-13195
-15573
-48383
-38937
12335
-26427
-34893
20944
-17868
42573
-31936
-8523
-41016
-19368
12975
-20344
-7063
-956
-2544
29144
-16549
26546
-693
26817
457
24174
1801
15555
-9634
-23442
29549
-20684
38644
-11257
-49826
9511
-4862
-23787
-32525
12322
7897
45447
-35225
3990
48703
4670
42068
42602
36578
45942
-9395
12131
12815
-14865
6549
-3034
44716
-12296
-33032
3441
1414
10044
1777
-39315
-29083
-39796
47396
-14874
19783
25505
-10665
12180
1901
-3880
-41776
-49202
-15722
13482
-28179
-14934
40145
32573
47293
6896
-10006
-9603
-18030
-32375
26963
-29461
-15878
-9861
-2175
4412
-41712
43352
-17232
-14787
8319
8748
-9313
-14152
-21385
-35412
35717
28167
34676
-10098
24426
46487
-36628
-12546
26100
26217
-42145
13900
13282
-43207
46047
19023
38711
16822
-42773
4291
-16978
-12643
33629
-3684
37242
2593
-5981
-30333
-18474
-23295
25424
-22648
-37599
-26109
34957
38753
-8316
-20507
-18658
-25895
28253
47143
-24840
-29655
-15786
-34130
-14414
-36035
8540
-3433
-40903
-8479
-49092
22147
1310
24738
1452
10487
-35367
-25755
-38001
-48964
-5872
6739
18508
413
35991
28422
-41681
-38353
25019
-18938
10515
19980
23224
47022
38745
-13604
-9263
16619
-38015
38764
41293
4046
37473
-18266
23361
39311
2728
-34070
7314
20970
-17930
13422
7841
3416
-49528
34731
-24650
-11782
45325
6731
28830
-48520
22323
45320
29331
-24895
39605
-162
34361
-33748
-40738
-45852
24587
-32856
20019
-16538
8903
-47219
35120
-31239
40088
37030
29067
-46350
-30877
-45785
-31108
13724
21278
30296
-12952
-33519
44106
46486
-26468
22514
-11865
-22151
32065
40212
19217
21626
-38296
-44843
20787
-8348
28527
48275
-35257
-5927
48874
40159
-15397
-20414
-3588
-44071
40390
-17823
24005
6516
779
39658
11622
-9196
11517
386
-42093
-33940
-18925
39456
14669
-35779
-24562
2853
-10013
-3326
-46887
44783
35769
33376
-21342
39119
-15577
-24863
24808
-48578
-21451
-35807
-21528
5281
32882
-19828
-41878
-35041
19244
-11474
-33550
-40081
27095
-749
39890
42304
-49922
5149
-47698
-35457
39366
-33394
-38279
21902
-49291
32328
14019
24490
-35815
30543
19566
-36021
-30261
6869
-5620
-9591
-44500
-1802
20838
-20745
-21106
-11645
32678
-45003
10622
-30236
-41388
25326
-35242
13749
-33837
-31385
-6967
5668
-38037
14595
-32919
48643
-3434
26470
-46248
34992
36907
32704
14952
-14845
35758
32441
-18788
-22729
33316
-47228
7739
-39972
11135
22052
-38346
7950
-32497
42028
-27859
-7109
-38530
-7109
32286
-30839
11990
-2531
11954
-2334
46198
-14372
-35209
21950
37776
21805
10741
-16522
-427
-5755
28730
28698
28982
-32679
-44319
-39452
-40587
-34607
23635
-2173
29028
-6334
-24755
-7442
-24337
-16110
7684
35095
-20520
9526
42713
-39251
17217
-49311
48527
-880
-1907
14600
1605
35357
-8692
1592
-18451
22134
26817
36651
-9817
48217
-24796
-27573
-23006
-36089
-49426
-39102
-20035
-46159
-45383
-812
-47506
-33257
24139
5966
-21334
-9125
2558
4284
21303
-32374
38241
-37391
-12266
39200
1527
-25071
-22275
13351
3695
20388
-44942
21770
-11673
34076
-23263
-48464
14955
24064
26484
23875
-19529
16146
-31243
20660
37598
-7681
-1319
-45347
-29915
-25175
-39770
23030
-35243
-40618
23051
5779
-8669
13892
14088
1748
40428
-37936
-26116
-31168
-1691
48201
32566
22530
45117
26916
-37003
-23449
21879
-10480
-47496
24105
42192
23517
-10906
-22589
-39216
-35854
-30133
-4073
-36910
-6456
18000
-19968
-37380
23904
-18456
-6041
21740
40730
18452
2347
28488
-36999
12544
-34007
25230
30446
-38628
6986
-26553
23343
-10047
-34310
-40002
41717
46002
-39099
-33483
43719
-3069
24051
32561
-40811
44446
-39964
19904
13988
-2144
-32141
-3784
4990
35161
288
321
3737
37684
10631
2315
42573
48051
209
-18963
-12720
-34032
-15958
43260
24594
39199
22297
-33597
-36169
-28877
35244
46588
-12594
4130
-24673
-14925
-18772
32679
28946
-3055
41260
10293
20054
9245
13655
-23351
-32883
25940
24846
11277
20427
13696
4269
8952
5603
-32980
15640
-33321
-8613
-2879
28202
2107
-27308
-8127
-17691
-17083
32535
15407
16237
46781
46347
-11237
-30148
-25676
32553
-36901
-32744
44197
-29290
-22921
-29015
-1141
43526
-14639
-35298
17248
-15126
33174
-46245
-33993
-6398
-43518
-10129
29080
34017
13593
23344
36750
9262
24333
-25614
-23363
17454
-23162
32292
-26731
34762
-9741
41989
45841
42255
-35608
16250
15529
-21646
-7878
-7129
2557
21741
5517
-7729
-42316
-36216
48623
22582
-22511
-37387
-10044
-44070
-2640
-36263
-49994
28715
-380
25795
1728
9521
-3870
-34134
32083
42361
3288
-37734
31075
48783
-38342
36687
-13281
-22169
12597
-42419
519
18946
18084
17379
-987
-25837
24045
-44711
40477
-31794
7291
-10900
36850
-19255
49870
-28792
-22921
-7775
45274
38654
43447
-38928
18834
-41409
63
-35690
-38804
-22871
-15951
-2310
-2978
-12745
42732
41009
191
-11205
4292
38436
-1931
-1001
43156
-27875
-1769
-47468
2225
-9120
-31177
-33223
37409
49081
25051
-8368
19218
14399
48585
-13456
-28042
36500
16308
-828
27402
41041
15906
-11419
-49179
-30845
5725
2526
36658
-24739
34350
-47105
-24115
37942
32788
-18636
27790
38293
-47710
32236
39376
40254
-15397
5527
45553
-40403
40127
-30355
9492
-25804
-41830
-29150
4910
21427
43768
28884
-20389
-40902
-22701
15467
-24383
2832
-35608
-32241
38884
28471
-46952
43355
-44283
32778
-26758
11682
11704
-49896
-34086
16668
-24983
48273
15429
-11232
-11273
-45300
-5607
34651
25407
30858
35319
32832
1297
43885
-32246
-8290
11632
-13368
7921
27606
-3638
44363
45930
-36408
-12034
-9436
12761
-43934
-40698
-48192
-38363
47904
5828
-30081
-42030
48835
41484
-227
-2805
14552
-42207
-21807
-16602
15521
-13864
35094
-46708
-14256
-18890
29775
-12979
-16539
41210
-44875
-5125
-45996
-9627
29475
-2170
31195
-12039
-3847
-28699
-15573
-30523
-2194
6339
-8601
-26102
-38085
27882
26852
31642
-41469
-32151
-32305
-19432
35270
-8899
-43136
-48730
37412
-29098
-47933
10766
35638
44543
10532
-3819
-41733
20472
29007
-26155
31251
-25708
-38780
16892
20572
-7550
23472
34556
8491
6569
-22946
23258
-14019
33878
-41275
26405
-44161
37678
-9571
933
-28404
13591
-23948
1166
-48625
-18884
-24941
-41048
21142
31519
9611
-22786
35226
4700
30740
-34437
-4813
32462
29471
-45687
40006
-7099
-37030
5558
29431
8623
-45621
29986
3854
21832
8657
-31313
32181
-11712
32945
19020
-27664
-30163
-23038
-43427
-12233
-10774
-17815
-28079
-6313
-35080
33830
29436
-21261
49115
-22747
-7326
25382
42014
19700
2361
-37783
-44541
12159
7236
-35041
-33479
-34736
33794
19180
26013
48810
1007
18683
-47180
-35885
-12657
48685
-41981
47922
21885
-25139
-32888
15620
-36152
5137
-34056
37331
-21471
45466
13935
-31171
20813
-8004
-4113
-2838
49908
25015
-19393
19912
45700
13532
36682
-26066
742
19109
-26325
-12804
5346
-27272
-27311
10734
11183
-30200
15573
11527
-3126
-34550
-38358
-31854
-36650
-37074
-27876
-9676
-13211
9461
41279
3400
24778
-31530
-20547
-11566
-16956
25697
20721
47786
26250
-41626
-33636
-10571
11671
44553
-7870
-38943
49583
-22509
-43574
36046
-38938
-43692
-34601
20491
11629
-12721
39064
-10886
-8965
1415
8920
-5148
-1606
22983
17253
-17290
-33494
-17476
9452
33348
3567
23748
-19291
-30200
-19252
16998
-48140
-19138
-39405
164
-38028
-2003
39658
39200
-42811
-44195
40801
-26731
45683
-4370
49195
-43476
-25735
47102
-36812
-36491
-49463
16513
13451
-16068
4071
47744
47560
-28026
41013
30865
-15329
-31750
45451
35084
-45043
15997
3711
49805
23859
46067
-44021
35094
-14962
-7283
40467
-6155
39848
5839
30529
-21117
14751
28658
-15538
-42774
-46103
33223
27452
-42320
29955
-12656
-37824
45642
15041
-37762
43653
-6440
10742
-35982
32667
-13048
-49093
-8993
23205
4506
11607
25927
21631
47867
-44989
-46904
11118
-34159
-10548
-35664
-934
-31915
31367
40996
37632
1573
-31574
47336
20439
31430
-38428
-17258
43794
-8507
-28695
-26109
36908
-37960
-47442
44501
-43280
-46930
11896
-45161
16100
-18695
42021
-16748
37433
-37438
-40940
-4170
-12640
31087
-36508
-1655
41900
-18313
-17833
48098
-40155
49080
49337
-24613
32299
28244
31454
-35610
-28804
24715
795
-6313
28687
48273
46960
25211
-867
-33705
32042
-21214
-48646
32070
-8384
-10285
-27156
-32174
-18843
48685
17763
-7594
-34296
-38748
-30551
17756
-279
33883
-40023
4306
9196
-4319
-4004
-16320
-34681
20796
4196
-40640
7738
-26082
8404
30344
-15427
42169
-3948
32274
-22967
38843
5353
26386
-6873
8640
-37836
4678
31345
28899
45347
29035
26982
7422
-8839
-2442
37786
-47665
-38380
44474
39200
-20907
44639
23511
-10397
5192
33652
-6321
32534
46869
-31775
1889
14594
31426
-15546
39845
-44248
-44695
-43462
30490
20985
-13321
49623
-19336
41441
-32799
46039
-3492
-37108
32481
-4004
-6483
35678
-48647
17144
44401
-3439
17516
10753
20266
-3303
30027
-22229
11682
40404
-46885
7109
40584
-27765
27836
-27476
42939
-14980
-29136
46833
13812
-49724
-19129
13340
-11028
-12710
13315
1024
8995
-43039
-46351
7567
-3021
24342
-12910
-29649
-35368
22302
-26731
-46295
11469
47863
22557
-19156
-2686
-33746
36376
-7173
-22831
10567
14239
-15107
17615
38770
13982
33744
46540
38905
-19296
17350
7521
12630
45412
-37717
-31958
36083
25951
3398
421
47631
36461
32687
-20874
-35689
10531
6781
-48582
21914
-23881
-29501
-41709
27870
39448
12016
-46478
-6025
47828
-38619
28934
-23743
35966
29288
-31792
27585
-2227
11251
-4120
-33645
-16140
5436
-23202
2808
15967
101
-37723
9563
38819
-3520
21509
49876
41780
-24681
28032
-20463
-30208
-8139
-40439
-8642
31007
29153
-47208
-3507
36408
-33008
-39216
7530
-45193
20483
-11688
-45080
46051
47753
-8604
26020
-42912
23906
-13601
-48959
13530
35637
29508
-6578
44770
-27245
-854
-1765
3606
-32589
-14621
11092
37505
34011
25509
-4331
-321
31416
48033
-26990
41236
17406
-15994
-30601
-43453
25177
31062
3443
5383
-5114
982
-1685
18493
21720
-26254
-16554
-32038
12400
9346
-37854
-37422
-53
-29100
36178
23540
-7751
48613
13761
-14514
-30021
-25807
34139
27717
-10679
-35279
-22447
37290
-48714
13772
-1491
-12042
24342
32530
-6341
-37396
211
-46462
19199
-32332
-45227
39700
18928
25062
31769
-29341
39998
1736
30911
17246
6864
23814
16061
-28523
6635
12960
-48081
-45117
29257
-21750
30712
13075
40479
35125
-18961
38611
-24396
39106
41614
-586
-9983
-39406
12102
774
-2836
-16469
11976
-1403
4556
-13431
35903
-25624
-31519
9120
7985
-40725
-13984
-25685
-42363
-27605
5177
-211
-16454
-23725
43166
-39850
-1411
-8995
43832
9762
-18586
14866
-16724
-33271
-8447
27127
8115
28075
15609
-385
-5213
3033
-24401
-19513
28557
-45890
-18652
-16190
13392
-38590
12113
-42246
-24114
0
-37844
-242
-34197
16557
-5814
-40087
14470
-47869
0
-45299
3353
5076
41270
3046
-16016
37095
46655
30699
-37495
-45679
24171
39646
25661
26803
25095
-30983
29686
-20551
-9174
39337
27056
-517
33766
24001
29925
6121
-14634
-41
16964
19132
-12829
-15817
-28408
33115
49259
13356
-1347
-43573
-49841
-20449
-44535
-30093
-15428
-21118
-35451
-40277
12351
31638
-47325
48245
-31733
7968
-181
-36342
18056
-19
30336
-35884
-2436
-41206
-41243
1064
-3656
-3863
46106
48622
13724
-34390
9034
-14290
30932
38729
47028
34522
15386
-12174
39763
-26502
-20264
-27220
-34209
-16895
37594
7006
11145
-29033
-36200
-3580
17657
-17513
19929
724
-34745
17481
47407
26334
-17159
38333
-37449
7675
-34486
1259
-35002
-36356
9306
-32438
1046
-6741
-49661
-26540
22730
3853
-29745
1918
9984
4264
-11339
-40862
11190
22105
26555
28102
-22526
13757
-25579
-45488
-9699
39397
-36027
-30404
45517
40808
29417
-8753
-28144
27668
4770
-17437
-21513
16434
-11620
-21908
35149
13559
34789
28034
-15336
-47351
-39022
-42628
27402
-10102
20494
-32069
19652
-12084
-47441
-25107
-28301
45614
-22186
22505
-27665
39109
27379
-31423
30772
49003
-44977
30809
-13038
-42886
13091
7318
20753
20239
-1919
47719
16366
-47964
37270
-4723
-23945
36513
-37802
4265
-20374
49996
30601
13242
-9992
-31836
5035
-48040
-97
-10251
-33316
-32258
-2051
-23274
-41789
17394
-38751
48293
-44679
-16735
20230
31050
38065
-45165
26234
-11585
45719
-643
-22010
2112
8879
20969
5344
22519
-24664
-20905
4593
8675
33270
2667
-26815
-47294
43671
-29381
-36998
47413
49123
-26001
-18967
12845
39483
35468
-9374
-15610
-41804
11926
-41779
47941
-27310
42017
-41967
-2108
29567
-44292
-33288
-18245
-2562
39828
-21240
-41203
-37446
1098
-44879
36347
44458
23344
19484
13475
-21512
2393
11554
-6980
-22062
27033
1403
-24459
-12388
-31901
-26158
-46636
-44216
-47108
15848
42023
-27149
-743
-7408
3345
25941
-18691
-16041
745
-8795
49975
-20235
-2202
-19805
-32508
48570
-3166
-34028
36366
47915
22930
8207
-13040
38801
-19814
38726
-34030
20480
38038
-17685
27394
48501
27516
15404
11880
39067
-4433
-16784
-3884
-20967
34630
42607
39505
-881
40012
-28919
-33537
47438
-18481
14679
-47190
-23536
-21070
-40757
-42503
7803
33810
37313
33160
-44517
9249
-771
-32038
7489
-31726
-21528
-28355
40446
14914
-3435
1157
27507
6423
-32228
40251
47837
-4011
-48746
-21328
-38615
-39307
-1250
25200
-7256
-47588
-34437
-23843
3221
-16370
13674
41668
-18170
40140
42719
14076
8608
-10089
-21414
45366
34934
-23722
33661
10377
9993
-6688
-8063
-40806
-29429
27913
-45110
5371
21180
44608
30177
-12333
-36252
-6587
-47933
-46735
-23929
-24864
-19848
49170
46139
-18537
10473
40234
47138
-33045
37632
9322
-3733
-5914
1012
-40531
-39373
350
35895
-22455
11912
-44822
-14273
-35644
7692
-34497
4949
-11884
7332
2380
-5379
-31371
8630
36102
-17631
7426
47533
-45090
41268
36104
38278
-9345
37356
2318
5575
48780
14478
35058
21386
-2454
-19466
36603
17729
-1636
-413
30716
38480
43611
15811
-35182
20260
-31767
-26565
-22159
4153
-26567
-44012
-37284
33341
28541
-17249
-38076
-14116
-42412
-8453
1561
17933
9345
31504
25597
36950
36662
-30252
33879
39896
23698
-18381
-27072
46581
5630
30933
42784
31712
-38758
-31179
-42709
37539
-42468
39952
-47910
32824
47385
9047
-4082
-7740
11970
-15607
16247
-18590
-31977
-32317
-12711
-17678
-40681
-8071
-9672
-21582
-27564
-22465
-7976
-41119
-26529
-40483
24868
-40252
-6845
-4330
43250
24360
22332
-4372
29568
-43360
-46386
-3222
-45155
-19516
23784
-8252
44512
10894
-11256
26555
36414
5157
16138
3191
46007
7307
27289
10910
25996
-31451
21742
48302
-7352
-5688
-813
25872
-34010
-19035
-45522
-4534
-22514
33581
3085
37917
4203
-38216
-23314
-46189
47216
30957
44583
2650
35507
25884
-9417
46641
-29521
39448
10622
27448
-35506
23970
-27978
35009
-21895
1856
8677
-36251
3838
-1154
30318
-8869
-9448
45170
22179
-31294
30215
-26971
-164
4325
35524
-29692
-116
-42073
-6567
27614
30019
-16170
-28692
-33905
-37122
-47741
38995
10516
-47832
-49725
-48050
-30774
97
-4440
8483
-38544
8073
-28821
8764
21075
24460
24457
-34651
34146
-48948
12454
-38495
-27665
40306
-1416
-31584
19406
41948
13726
7903
10510
36776
8276
-32197
11687
-22120
-18908
-33559
-27529
-20525
47817
509
-20831
9255
-7802
-27304
705
-50
-17109
-43562
40175
-32983
43698
16423
-8427
22814
48742
17626
38145
291
29230
-6443
4981
12122
-28630
34687
-42519
-31104
12987
-12263
-14216
35125
-38346
578
-7538
27596
11834
-23765
2377
-615
-20534
-42885
2407
-17540
4200
-30582
21840
29089
-43281
9823
8773
16205
15269
42609
27906
-11477
16852
21512
-18414
2828
4544
33521
37644
-29142
-27159
-30973
2085
-12163
39594
49931
-4707
46319
-20361
-47809
-1700
-40884
-19022
3516
46594
-10437
-22952
-23972
47112
22056
18603
-1577
1141
3669
35813
-5906
-19930
-15968
22456
41045
-46455
-39949
-40180
48891
-21570
-41516
-25648
-4985
14223
-45050
22761
-28223
49746
12314
7371
27617
7414
40741
-27182
36383
-21838
29331
19885
46856
44899
31742
-25087
-21322
6111
-10472
-34604
35909
11915
-28850
30016
36789
-41092
33845
-9074
46861
49669
-5572
-48412
-33537
-30914
47799
-36256
23595
-7523
-25986
13109
21798
37493
39098
47982
-44768
14690
-28680
-3284
-37660
-21019
36198
-12108
6258
15590
1511
-23371
19964
-41122
32822
22311
-5284
40264
47848
27057
-4836
15565
-14664
-37898
25818
-16027
12712
-47760
35706
-37412
33890
8383
-40202
-41015
-43069
45170
-15248
-26549
-45096
-8691
-22710
-3364
-6131
25920
-33732
23144
29062
3112
-17349
-4112
-8458
45492
48169
-21458
-46482
37174
-32895
-22378
-35761
-12975
12678
20920
-39380
17394
7656
11458
-7172
-25788
-34008
-22081
-3401
-49712
17687
4099
7314
-17826
-42425
-27950
30119
-45790
-32887
-24048
-39588
6711
-34326
48394
-5311
-526
-22962
18872
8237
8743
29526
20860
-28984
49147
-5536
34730
7279
-27561
11781
-27820
-14433
-19788
-42632
3311
-1758
-6758
1460
37200
47039
45756
-10575
-23564
29557
10244
-21824
35415
-36927
-39526
-43200
38866
-19603
-47549
-20906
43220
-45554
8696
-8912
30891
2453
-22901
-18233
-20394
-7519
2604
25812
-4014
-11885
11843
7900
46880
35227
-43125
13228
7915
-1340
-42160
-13111
-6409
18281
30809
16927
20121
5992
44670
11666
-21967
32797
-5273
40548
6238
41169
34710
17478
-19517
-36779
-6087
3525
10916
12064
25923
-21509
14576
37470
-32484
-4424
9985
-41405
13183
-36275
15820
-24672
-47034
44356
-38300
4487
16743
17861
26513
33393
25844
46241
-6558
10721
24039
40487
18804
-13439
-45721
-8415
49177
-21390
30049
16652
-9419
-3075
36496
-30781
23222
-39122
41586
20770
48072
-48474
-48001
-46416
88
-2940
-27794
-2614
-31205
30409
-11001
42947
36051
45488
31766
4093
14144
25730
4549
44320
-46313
1185
-39692
-46511
-46065
23299
46317
16039
25121
1059
18479
2529
-31624
-19045
-37497
3755
-14872
44588
-10827
-10694
42341
-23836
-12362
12272
7129
17846
49954
9909
-41125
30402
-1726
-39976
-1685
-25715
-18924
-4950
28697
-49272
-30837
-6921
-48833
-36058
7063
-32091
27355
1871
10438
27436
8805
6328
17217
-30899
47052
-41530
28076
25101
-2557
-36371
10685
-2979
37807
-40162
-34536
-45499
-15878
-35404
-34471
-43788
-22312
18621
-11502
19879
39258
-1044
-20338
-47223
8132
17704
-1799
13412
-13887
9411
47904
7074
-18057
-36310
30867
25864
34407
-49989
-6456
-16316
-25450
-1363
-36398
-7217
-29437
35297
-36132
34007
-28361
43628
7270
-14021
-28253
-49953
-49737
24454
-3470
-33611
-13322
14804
19546
26721
-22133
-48669
-25310
-22680
-14865
25611
11006
-45813
-2732
40780
846
15814
1756
-23767
-28378
681
2271
-45989
33479
47493
-49101
-9822
20431
-47193
-23348
-40241
-30955
10811
9983
-5532
33018
6989
-7190
48427
18586
-30936
-3161
-6149
-12179
21778
25041
33934
38769
28651
36906
-46557
-41336
-46761
11573
38421
-5553
-13843
7140
8251
22575
32454
16354
38207
-13360
15818
29484
-40681
-44725
5479
-24468
48704
-18349
47297
-28059
-37076
-39853
44594
-24482
43751
-14082
35584
-28667
-8667
38433
2508
-1905
2808
-9836
-14069
-1047
-753
4610
-36857
35351
-34718
8772
-7582
7446
-13716
-11755
21789
31062
-3807
-11795
-46564
23003
47694
-19800
32761
42121
40300
-15262
-37413
24726
25122
9004
-44090
19265
45918
5931
43339
-1714
-1733
44853
49524
12558
-20559
-21416
24698
-20411
33997
-751
46236
-33255
-31285
-10594
3560
18463
-1129
48206
-30938
20463
31645
-6131
-6060
49404
18114
19562
33219
-15975
-17814
41616
46382
-29980
17649
-48549
32202
42402
-8937
40702
-40367
-39317
41658
31903
-29983
46005
40789
-14992
-25135
-24538
9772
-27800
22777
-183
20444
-38050
31486
-48621
-3270
-13002
37247
14298
-20522
-36363
-2250
-22023
-13568
31021
-21583
36987
-35676
39813
38492
-21662
-8519
27925
8731
23832
16504
16070
2881
-35457
-45605
1093
48696
30204
41781
-18773
26860
16798
-33784
-8305
49381
-26659
-10823
-32262
36471
14521
-36752
-12916
-19764
24966
31828
-30866
-35140
30033
-40888
10347
-1945
-20354
-38471
28968
-11933
37003
-33250
-38341
-26277
15200
33265
-33915
-31324
31022
34608
-6307
1207
3184
-43804
7775
-24148
-43156
-26433
39264
-36119
605
-5006
37772
-16617
21592
45870
9825
3697
22380
23920
3427
12417
1007
-10576
-31620
-16265
-35451
-16406
-44766
-17984
47587
373
-37893
-41135
9274
-33765
40174
-39954
28734
9691
32045
29237
-18772
-29988
-15459
18204
4972
-48256
40984
-16244
-36069
13555
43764
12964
-38714
-45217
10714
-32083
-16706
-23676
10772
29933
25716
-31170
5222
-20575
30973
35062
-5632
20168
-40373
31518
-8677
28251
-31954
-71
33777
27224
12768
-44838
46119
15812
35696
-46736
42613
25985
-41306
-9665
-39235
30637
-10593
-18778
22198
34445
45754
48926
-25590
-30460
-12450
-9191
-606
-4281
-19631
-9355
-9348
-26414
8441
-39482
4484
-24481
-8274
37376
-4449
17687
-35908
-48896
36265
-16276
-26009
-19386
16889
-41152
46070
-22836
-215
40467
-36090
18390
44416
-5184
-39286
27258
-41136
11829
12830
-23462
-31415
44186
-11172
-16141
-45395
40577
4223
34887
-3949
-19859
1696
13083
-9828
34137
37338
-11344
-18682
-49360
7076
45009
-38464
4562
1890
-42477
-35702
-33459
21124
-7476
-44993
32787
-13954
-45669
-6730
28731
26933
26592
-15251
-32131
-39571
34715
47866
48902
27328
45789
-7995
4117
8970
-48753
33901
2386
44930
-48311
-49386
45767
-47259
-36647
43099
-4052
-33393
-31970
20261
1594
-36893
46137
-4459
-34332
17170
1682
28341
-14193
-41067
49612
-25618
-21135
-19356
-44862
-19113
24631
-41288
-21397
25751
-8487
44101
33850
-3381
-43114
-17767
9461
19601
22057
275
6613
-34952
44064
-7691
33634
34351
-9229
-6598
-24573
33499
32096
-47903
-23440
-35438
-9092
4435
-1441
-39361
7863
-39574
-3384
20684
-22955
373
15423
-43866
-36639
22240
-3664
-16393
-2031
-7942
-1253
-21581
-37494
20665
39758
42871
-48095
-22566
35790
-42976
-21524
15083
9052
2121
13544
41129
-15512
-21683
-29898
-13128
-36314
15130
3714
-48561
-9409
2582
-11146
35382
-12333
-23152
-30566
-12699
-49338
-24762
37936
-20492
-20968
10539
3396
-27671
47017
30530
-9595
-33494
34808
-10057
9255
-16561
-10032
-29232
-9562
-29013
-41718
11334
33880
-12802
9617
-43580
-1395
15867
42509
-7045
-2640
-176
-16369
7197
836
-41838
-4392
-25345
111
39222
896
-20340
-12092
-39628
-962
-18276
-43608
-7714
-41837
30103
-41885
-589
41387
47877
-41261
45483
27596
5286
-37234
20042
-8294
21868
14523
-3
45370
48017
-47407
45223
47216
18837
34189
37984
45058
-20379
41010
-25402
-6131
-49463
-15938
24322
-37459
31165
-35768
-14246
-30880
30053
22299
-8279
27455
5541
29678
1717
-879
-36419
12868
30379
-13548
19441
36456
-43734
2716
18179
48674
-4249
44629
48259
-8154
-13805
-16232
-15008
-13786
-47912
18521
-14008
31442
-20549
5295
49033
-41836
-40645
29461
23879
27848
28389
-18151
41960
-13664
31667
39674
35585
-35716
-43080
38619
41794
-4597
39275
-33613
-15185
29522
32917
9809
44886
46030
37838
3822
34025
18906
-26100
-25175
-10212
-45040
-37548
12482
37906
-48817
-47840
15331
42230
-18356
-33823
-25736
-12581
-17694
-31775
35174
25580
-7330
-2088
-40931
40635
35100
-13649
46230
-25054
27442
23274
-9929
25768
7539
38978
35240
-32084
-19655
-7233
738
-45541
-11703
-45190
-15087
-15863
3076
12237
-29523
31377
8236
13894
-5667
-39118
-45808
-629
-49839
21228
-5404
19733
34560
17277
-40381
-10275
15816
-48934
-11897
-39344
18367
-3840
-25607
-39362
-38738
-2573
-14859
-40344
42260
-21176
-18547
-4799
-31989
6202
-38503
-31609
32028
-9994
47747
-8255
26940
-6235
-29629
24851
40709
15049
-33363
20426
10217
-19027
-33746
39169
25770
5796
-44203
43546
-7229
-25295
12961
12600
49472
17923
-3139
543
-6906
6803
-26068
-17276
39001
-5859
-35620
21791
-38119
40511
-15077
41174
-16562
-21491
-11669
44959
-43691
7582
-41961
-3304
-11738
-49212
-9420
-583
-34151
31018
9626
-5720
27380
-1885
27778
-36936
39106
19337
24410
-426
47313
-10779
15489
-39066
-19701
10285
1527
26440
-11131
-9396
-4194
-20429
36341
29139
28457
-24743
-46527
37596
-27968
47709
-29468
25692
-23501
-5774
-12417
46219
-31706
19216
18037
31599
-45746
17650
36259
-29781
-23182
-26990
46258
-37020
33505
46661
4271
-35777
23362
14672
46139
23733
-4509
-17461
20981
33178
29793
28573
-15608
1700
-10467
42148
-45002
17085
-39960
29585
-23137
1668
-21272
-47944
2705
-41620
31421
-25430
-5548
-36832
41372
23534
-25011
-4731
19318
13536
5328
-14123
-3002
-4965
-29812
-11477
-5339
25662
-19010
-44467
38760
15467
-40434
21750
20204
-3344
34733
17582
-381
4072
32184
45611
-16829
-24519
-11424
-17989
-41594
37778
-47598
28693
2185
39200
-14792
45565
-30006
-49601
632
34124
24310
21257
-36868
13043
10978
47162
45348
-17424
-41234
-11570
-31829
-39864
49662
-47194
13257
-1899
-27942
-48504
21942
24229
21642
-41510
-42141
11250
23288
-41146
7734
10101
14429
-7411
-31661
-33825
-34214
-48800
28612
-38085
-48046
-5392
-8914
-5364
-6281
35482
37706
20628
-45962
-4379
37030
-29093
-48524
20838
-24137
-45999
-27149
-12788
16600
23381
-45556
-24124
-10324
-7366
-22389
35617
28246
-9721
-294
1991
-14299
38713
47397
8672
33770
5239
-17082
-12173
-33198
-9800
46865
1318
-80
-32638
34324
-17747
-21379
-5115
45426
-31850
-26179
-38718
15051
-1308
42077
-44057
21573
-43717
14850
76
12962
15776
13783
22933
11756
16956
38220
42513
-14365
12323
16266
47599
41352
19743
21602
36824
-32205
15745
-48556
-46365
7971
47890
785
41381
-30643
-46966
45715
5066
-7974
-22484
-43215
13450
-5266
-48778
-28496
-15870
46605
-37054
45313
-2123
12349
-8869
1477
14773
48096
34093
-23397
16843
24073
1126
29195
-20729
3175
3422
7172
38847
-9180
-36798
25886
39731
-20042
2399
23061
28122
-13822
-11951
33061
19856
-35329
-2610
-48548
25748
11255
-35875
-5162
43461
-11736
35542
24448
-4681
-11834
33486
-35385
38913
47653
-31160
24877
33696
4274
20204
-933
33252
-42586
44540
-20813
-9063
23088
-13795
-1716
-34540
-44160
14150
45855
8040
6486
45506
28739
21289
-53
34678
-25365
-9725
-3556
-20386
-34156
-36383
3696
39921
46584
15172
22053
-41385
27802
24081
38978
39049
23819
42583
-49958
-41524
21746
48081
49517
-17657
-9197
-44889
35188
28648
2564
15028
-6841
-30029
-18399
38864
-3949
2422
-11392
-18609
-6285
-46803
24667
5746
-308
-42760
15340
-37186
27970
39954
1010
35058
9677
-19166
-8404
-46685
2756
34625
-46090
3607
-44874
-8699
-47001
-32578
44962
7737
8390
-7123
13031
-29027
27699
42319
23133
-40136
-3075
10886
-35201
-3657
-5409
-5523
11457
24997
8142
-49689
-25619
12287
3935
-44411
43375
7470
-8296
-6055
19813
41238
-46044
-17885
26928
-19888
48257
31549
35890
45522
-48461
20395
-32716
-48848
-25917
19359
4551
-18535
37417
-601
-23010
35398
-48962
21794
188
-43551
-2328
37979
29729
9857
30061
19659
41220
42656
-9247
-43614
21533
12511
-26719
-46554
43907
9917
-16004
49006
-45360
-32107
20050
-9304
-47691
3920
-27823
5209
-36787
38990
-29837
-28033
34142
-48000
14019
-48459
6871
-2484
-46937
-20639
41833
-5756
37742
-3999
-38865
-36934
32315
30568
20848
-48018
-7782
-44527
-28233
4904
-33840
29441
-9988
-8067
49530
-11772
-41000
-23151
-31138
-5847
12160
-6557
4024
-2659
-21071
-26556
2989
-22117
49391
62
16842
-41669
-16768
-1135
6238
35966
-40898
-25693
-22637
-33252
34581
-47760
-21845
-25121
-34630
25800
29792
23960
36451
23580
38173
18380
-28758
-17026
45336
-10655
-30139
15224
-14176
-19941
44964
18305
-5408
-17302
-42009
-47101
17076
-7898
28012
1469
19611
-30745
-18948
37567
45075
-22104
29163
44442
13326
-33207
20509
-43184
37473
38827
48252
-23920
15305
28574
15226
46695
18352
-4261
-25712
35208
-11940
-32619
-9298
-36244
43251
-44050
-38603
-30353
-36516
-42778
21583
15240
-387
-32292
-14931
-30173
43701
41708
-21510
-26730
23105
28875
6998
15472
-31870
-31536
10287
11806
17963
-34179
8602
-1554
32463
6569
-25976
-32895
-31978
-546
1149
41918
-24905
5541
39694
-11179
36674
-9012
34496
-33451
30983
34549
15019
-5045
3758
8999
42420
-8104
-45649
9046
14284
-47590
42634
4186
39803
4668
-45582
36587
-22851
-3048
2741
-12051
19981
-31600
-30245
-28444
-41213
-15138
23728
15687
15823
-46008
13590
42009
39860
41969
37487
43981
30612
-40775
-9017
-43191
31233
-48152
33849
-42930
-8513
25385
29362
-37218
-34302
43159
2370
16736
29761
-39002
-24689
2760
37028
-16833
4471
-38503
-45638
26143
31325
33351
-21945
47759
-47471
49732
30422
-19582
29506
-4414
46281
-3884
-37250
31242
3080
-43103
42752
45684
39876
45404
-25263
-49387
-49588
9497
3361
47540
-28129
1293
-33762
-17252
-7250
22328
-18935
11973
-3294
25001
-21128
-43238
49693
453
23291
18594
-42305
-46804
17913
-48964
32742
-47340
-24345
-25662
-24043
43743
-6838
23147
-4258
-12686
39231
-7133
-27647
40388
-37041
-17965
11692
-48538
-15596
17037
-46289
8361
48043
10532
19199
13172
16832
14092
-30529
39749
-49396
3344
-49112
23581
37584
46483
-45738
-8757
16270
22429
692
963
-18526
-27504
-10828
28668
46441
-49200
-6590
39191
46935
8633
21620
-41106
-23288
33282
15023
34104
44629
-30530
31033
42161
49627
-17247
-21466
935
-10445
21588
45191
8782
40231
46237
-14194
-14348
-29591
-47686
-5210
-23933
45398
24511
14367
-16475
-32550
23662
17345
-28265
11958
32440
-27817
-44565
-24884
32718
33448
42390
-11023
-19539
41824
-28567
-44918
19435
16022
27633
24493
-33661
40132
-2727
25241
23057
-27727
39075
21315
48893
6149
-27265
-49246
-1558
16856
-806
169
-2860
-11736
44840
-44229
49675
9067
5750
-10031
17224
-32359
-25174
7736
36267
44709
-20180
10108
15816
-9444
-22854
-25588
27040
-43726
38731
-31045
15980
28434
21014
7333
-39306
14266
48411
40872
41897
1113
12852
5902
11660
17782
-28377
42620
-17257
-26979
-5323
-17741
-45507
9871
11873
-27746
-13500
-19836
40388
18511
42586
43317
21619
-28328
-24994
-23636
10350
16486
-16883
-5684
20982
42367
18805
-34214
-4063
-32210
-40708
25229
-9383
32175
-38033
-4719
-39813
-29743
-32750
-3212
5469
43325
-3880
-22781
-39443
44404
25022
-7329
-44638
25524
2439
-18828
38696
-38703
31567
-25259
38996
2237
23112
-15972
44569
35642
-19006
27208
-49832
-17251
-32614
12690
-38062
21938
-19107
-30690
-19523
-41618
-31357
28167
-13162
-8049
-29377
-40729
-48396
-15314
-33646
-2315
-39421
15669
5803
40671
17719
46630
28900
-36360
35806
-820
5093
39013
11049
22542
-36079
-1199
-23159
1943
-20647
42355
48762
-38430
-33532
17372
-38774
-9382
20764
-37383
44770
-40574
-5285
11360
26315
7511
40865
40427
23545
34551
-48342
-45780
-30220
19621
-16440
-32623
42308
-17451
-17270
-21932
47091
-15734
21011
24994
-19624
39907
-42650
-48187
-4157
-46396
-9720
-23735
20092
5767
20516
-26414
-14344
9476
-17352
-49741
35570
31436
5937
23437
11172
10644
-18508
33512
18492
-25561
-9362
30717
-33266
20430
38492
7752
-36179
41074
-7755
-28056
31399
-21722
-23431
1912
-35018
-28814
18423
-13003
37362
-49879
28546
-20717
5806
-27156
47064
-16185
7892
-31823
-22726
27685
-43705
22203
31272
15123
23612
6432
33210
46042
4663
6209
23508
-21258
-7256
48047
14648
-28795
7375
11254
46606
-21209
28933
-38644
-33489
-49358
-12682
-12319
27464
-19770
-44193
29303
38841
-48173
-30182
-1642
-39927
5061
21105
29581
-42267
-24206
38555
29015
842
-29946
47288
7101
-4135
-20819
-5024
18855
29402
-7584
-31945
3975
16668
-11113
45355
-4947
34626
44764
10580
15315
14692
41988
-22771
-146
-8657
24160
-14046
-45057
13493
-7072
-16997
-8038
-47783
-27925
-27064
-25239
-41456
10294
37821
-322
7753
14676
11347
35238
31972
-40227
11187
-13600
13090
4611
36896
-37407
-9986
22066
4942
-39005
40222
-13587
23807
-46250
35206
36956
30078
-6599
-13236
-45650
24300
43945
30932
-5739
16630
40952
46124
-14804
383
47229
26276
31573
49995
-20801
-45797
21712
-20046
-16917
47324
-8882
39076
-19667
42708
2390
-7778
-20763
38110
39582
34963
16665
22028
32689
45380
34549
-25125
41897
-2472
25407
17652
-25721
-13168
32704
-17694
-48426
-39448
44152
-45866
-33748
41593
-49805
-9868
-29461
44028
35861
-4773
25140
-16990
21922
-2532
9700
-40644
-39731
5836
28374
16763
31919
-8845
33634
24231
34795
34969
10532
-23839
-4491
43932
-37720
19531
-3552
44845
32193
11475
-20530
-18673
-45932
1379
32451
-28415
-25072
43322
-41890
13808
44135
46566
27572
26398
-36944
39745
37645
-23292
39649
3093
-34717
37437
3969
-36212
-21230
18746
33795
36538
15256
9229
-28287
46496
-10670
12431
-48418
-2943
-13347
-372
-1207
-21096
-46285
21134
-34575
-21420
45261
2373
-49641
-14456
-7304
22229
-49402
-3847
-8062
-20835
-36151
6481
-24987
21460
-25870
-12848
-42253
-48341
7735
-35339
5838
10435
44544
-14389
-7841
3086
-34087
37935
-39546
22343
-8107
-7738
-47748
-39278
5327
-5051
-34723
28321
30310
-7910
44318
32198
-5064
48210
41159
-20741
3133
10048
16371
-32130
48365
32009
39698
18870
-27778
-36691
-13058
36675
25553
1036
31224
-23042
-10556
-48235
31838
21683
-46951
28689
-6207
19192
30531
-44911
44847
-46569
27482
38461
-10748
32052
-24393
-41057
-24762
19149
47191
4873
-38533
-19191
-49551
18794
8566
36326
44364
13878
38025
-36718
28861
7301
-13810
-45931
38144
-5986
-21213
1976
-34108
-20797
13665
33457
-9792
-49448
-5400
47422
21306
-24951
15403
-26061
5839
-35170
-24373
19249
-20392
-14761
-8516
20895
-19968
33193
1405
20715
28677
-19825
-41071
-4666
42954
-37646
24458
11203
14702
-26965
24086
23554
15327
-2478
-16612
-13163
-19795
-20185
16392
37760
-17881
11049
-23404
-3385
-44948
23931
27810
-45627
25432
-17407
-8814
21004
-35331
-7066
-38238
2278
-31717
18498
18738
-11254
3058
-6585
20696
3156
28892
-9151
47873
47987
-5336
34901
-7331
22663
37295
15484
-39036
-41231
-6994
-35241
39391
-4260
12979
16850
-7552
-15950
18381
-34403
-22542
25915
11558
24848
-40559
-5057
-23558
-40507
48569
18062
-37529
18191
12736
44988
48162
44978
30363
-17967
645
11065
-1576
-33787
8713
-17412
-29336
4627
-33720
18809
-34522
17148
-5386
10402
-37400
-49069
12931
-36722
45254
6965
6530
21189
-585
-38366
-10813
7466
3642
15453
-22364
36592
17360
-2183
41300
25868
35792
7652
-31196
-32706
-48506
30600
27968
-101
-47784
15734
45353
-2399
10423
16238
7796
-40698
46260
28530
38650
-45519
6531
-46814
3765
4427
-21927
45804
12384
16644
2422
-49853
3872
-23415
48702
22183
8122
-45432
47362
-7253
2581
-26531
-37946
36205
22542
17465
2798
-35047
-32450
-2744
1184
5911
40711
38872
-15953
-14563
24270
-9734
9251
32767
39367
34061
-3828
-17590
-45809
-16930
-4769
-14849
32812
-43414
12331
10992
48749
-41096
35717
15083
-27107
21108
-27392
13330
-12870
26485
-18766
-19270
-10701
9259
31577
19279
36656
16698
-37060
49100
23030
-31603
-31302
-28420
32915
25287
-8156
-12248
23807
-9629
43416
29357
39656
20578
-47553
-28535
16713
30606
-43831
-25654
-17050
-30662
-43425
33794
19409
-48769
-49147
-43807
-3164
20218
34190
-38288
-131
-17971
-33727
-8174
-4372
15347
-419
25667
-10500
24990
-24678
33768
-29786
25877
39395
-15500
-28066
38860
49874
-4718
41488
48144
-43423
40482
21674
32442
-31019
16433
1848
-18859
27836
-28407
49488
-878
-34034
17714
-2294
36935
49899
5893
21610
-47966
36865
-43177
-11330
-8069
41376
-42941
-24624
-23538
-34624
41499
38178
-48343
-26144
25907
16679
42195
-42239
-45072
2829
18271
27342
-37825
16781
-499
-35794
14653
-19573
47067
-7378
42423
18518
-26046
39302
-25282
-35937
-12039
30881
9697
-34892
24067
-28398
-37260
8154
49638
-36539
12644
-16386
5323
-18449
-49605
19558
39656
-10380
38804
-13335
29208
34200
-39067
-40136
-2582
44697
38176
-27884
42743
-19500
35441
33304
3395
8232
-4241
13679
-13231
45754
-39501
42366
18687
2253
39182
-8858
32620
-17786
-11182
-6970
49873
7396
-46736
-42866
-21431
-39775
-1312
37441
12310
-8503
22712
-42116
-17388
15216
-45537
-34188
6069
-30383
-23818
-84
-38344
-12425
-9250
-17983
34923
-13061
-28180
-41921
-49141
-22049
-32726
30595
-48343
-6017
-16001
-20016
11080
-34442
-29074
-34899
-45991
34067
19696
-17709
37606
-11960
49970
-49431
36599
-15689
17296
12702
36786
-2603
-30446
-17807
15588
-4281
5391
49440
-5881
20684
10393
-2807
18128
-22336
-21669
15051
40703
-9883
11794
24851
-26147
32367
-48684
26231
-28636
-6669