-49994
-49989
-49980
-49975
-49958
-49953
-49927
-49922
-49910
-49905
-49896
-49891
-49885
-49879
-49862
-49861
-49853
-49841
-49839
-49834
-49832
-49826
-49805
-49803
-49744
-49741
-49737
-49725
-49724
-49712
-49697
-49690
-49689
-49680
-49661
-49653
-49641
-49621
-49615
-49615
-49605
-49601
-49590
-49588
-49575
-49551
-49547
-49528
-49481
-49471
-49468
-49465
-49463
-49463
-49448
-49431
-49426
-49402
-49401
-49396
-49392
-49387
-49386
-49379
-49360
-49358
-49338
-49311
-49291
-49279
-49272
-49246
-49235
-49212
-49206
-49202
-49200
-49179
-49147
-49141
-49137
-49121
-49120
-49112
-49101
-49093
-49092
-49069
-49055
-49046
-49025
-48967
-48964
-48964
-48962
-48959
-48959
-48948
-48946
-48934
-48896
-48848
-48843
-48833
-48817
-48800
-48785
-48778
-48769
-48758
-48753
-48746
-48730
-48718
-48714
-48684
-48669
-48663
-48647
-48646
-48625
-48621
-48596
-48582
-48578
-48570
-48561
-48556
-48549
-48548
-48540
-48538
-48524
-48520
-48518
-48506
-48506
-48504
-48497
-48479
-48474
-48474
-48473
-48464
-48461
-48459
-48447
-48426
-48418
-48412
-48396
-48383
-48383
-48345
-48343
-48343
-48343
-48343
-48342
-48341
-48311
-48288
-48280
-48274
-48256
-48256
-48249
-48237
-48235
-48223
-48192
-48187
-48173
-48152
-48140
-48129
-48127
-48095
-48081
-48072
-48055
-48050
-48046
-48040
-48028
-48018
-48016
-48001
-48000
-47986
-47981
-47966
-47964
-47944
-47933
-47933
-47912
-47910
-47903
-47869
-47869
-47840
-47832
-47827
-47823
-47809
-47784
-47783
-47760
-47760
-47753
-47748
-47741
-47737
-47717
-47710
-47698
-47691
-47686
-47670
-47665
-47662
-47661
-47638
-47628
-47603
-47598
-47590
-47588
-47569
-47553
-47549
-47532
-47529
-47523
-47515
-47506
-47501
-47496
-47471
-47468
-47442
-47441
-47429
-47407
-47407
-47387
-47362
-47352
-47351
-47340
-47326
-47325
-47294
-47287
-47259
-47258
-47228
-47223
-47219
-47217
-47208
-47194
-47193
-47190
-47180
-47178
-47164
-47158
-47155
-47124
-47108
-47105
-47101
-47095
-47077
-47051
-47048
-47034
-47011
-47001
-46966
-46952
-46951
-46937
-46930
-46907
-46905
-46904
-46901
-46899
-46887
-46885
-46873
-46814
-46804
-46803
-46800
-46798
-46761
-46743
-46739
-46736
-46736
-46735
-46729
-46708
-46685
-46656
-46648
-46637
-46636
-46604
-46586
-46577
-46569
-46566
-46564
-46557
-46554
-46535
-46532
-46527
-46527
-46513
-46511
-46511
-46507
-46486
-46482
-46478
-46462
-46455
-46445
-46444
-46422
-46416
-46396
-46386
-46373
-46370
-46365
-46352
-46351
-46350
-46343
-46313
-46295
-46289
-46285
-46272
-46260
-46250
-46248
-46245
-46244
-46234
-46218
-46193
-46190
-46189
-46188
-46166
-46160
-46159
-46153
-46138
-46135
-46108
-46103
-46090
-46065
-46065
-46052
-46044
-46037
-46010
-46009
-46008
-45999
-45996
-45991
-45990
-45989
-45976
-45962
-45949
-45940
-45932
-45931
-45890
-45875
-45874
-45866
-45866
-45852
-45851
-45850
-45822
-45820
-45813
-45809
-45808
-45797
-45790
-45785
-45780
-45777
-45773
-45769
-45768
-45748
-45746
-45738
-45727
-45722
-45721
-45720
-45695
-45690
-45687
-45679
-45669
-45661
-45658
-45652
-45650
-45649
-45638
-45627
-45621
-45606
-45605
-45591
-45582
-45556
-45554
-45541
-45537
-45525
-45522
-45519
-45507
-45502
-45499
-45499
-45488
-45453
-45453
-45434
-45432
-45418
-45402
-45401
-45395
-45389
-45383
-45372
-45372
-45360
-45349
-45347
-45345
-45316
-45300
-45299
-45298
-45297
-45249
-45227
-45225
-45217
-45201
-45193
-45190
-45171
-45165
-45161
-45155
-45124
-45117
-45110
-45096
-45093
-45090
-45082
-45080
-45072
-45065
-45057
-45057
-45050
-45043
-45040
-45027
-45003
-45002
-44993
-44993
-44989
-44977
-44968
-44952
-44948
-44942
-44918
-44915
-44911
-44889
-44879
-44877
-44875
-44874
-44864
-44862
-44843
-44838
-44825
-44822
-44821
-44820
-44775
-44768
-44766
-44757
-44745
-44725
-44711
-44695
-44679
-44656
-44638
-44626
-44616
-44587
-44565
-44541
-44535
-44527
-44517
-44509
-44500
-44467
-44457
-44451
-44423
-44411
-44409
-44372
-44349
-44321
-44319
-44292
-44283
-44248
-44229
-44216
-44207
-44203
-44200
-44199
-44195
-44193
-44186
-44168
-44161
-44160
-44147
-44132
-44117
-44090
-44071
-44070
-44065
-44057
-44052
-44050
-44029
-44021
-44012
-43997
-43963
-43934
-43934
-43911
-43866
-43831
-43814
-43807
-43804
-43788
-43772
-43744
-43741
-43734
-43726
-43717
-43705
-43701
-43692
-43691
-43614
-43608
-43595
-43591
-43591
-43580
-43574
-43573
-43573
-43562
-43551
-43528
-43525
-43518
-43518
-43476
-43462
-43460
-43453
-43427
-43425
-43423
-43414
-43407
-43371
-43360
-43330
-43297
-43294
-43291
-43281
-43280
-43270
-43257
-43243
-43238
-43221
-43215
-43207
-43200
-43191
-43189
-43184
-43177
-43158
-43156
-43151
-43136
-43125
-43114
-43103
-43095
-43089
-43080
-43069
-43069
-43051
-43043
-43042
-43039
-43006
-42976
-42954
-42954
-42941
-42930
-42924
-42919
-42918
-42912
-42886
-42885
-42879
-42866
-42858
-42834
-42811
-42802
-42778
-42778
-42774
-42773
-42760
-42738
-42709
-42697
-42656
-42650
-42644
-42632
-42628
-42607
-42586
-42531
-42521
-42519
-42518
-42503
-42482
-42477
-42468
-42449
-42436
-42425
-42419
-42412
-42366
-42363
-42320
-42316
-42305
-42296
-42294
-42267
-42253
-42246
-42242
-42239
-42238
-42232
-42218
-42213
-42210
-42207
-42168
-42161
-42161
-42160
-42145
-42141
-42122
-42116
-42093
-42079
-42076
-42073
-42048
-42030
-42009
-42006
-41993
-41981
-41967
-41961
-41947
-41921
-41905
-41900
-41890
-41885
-41878
-41867
-41853
-41851
-41843
-41838
-41837
-41836
-41830
-41830
-41823
-41804
-41789
-41779
-41776
-41772
-41758
-41733
-41723
-41718
-41713
-41712
-41709
-41706
-41700
-41696
-41681
-41669
-41666
-41666
-41649
-41638
-41626
-41620
-41618
-41616
-41600
-41594
-41581
-41537
-41530
-41524
-41516
-41510
-41498
-41469
-41456
-41416
-41409
-41405
-41399
-41388
-41385
-41381
-41343
-41336
-41306
-41303
-41288
-41285
-41275
-41261
-41257
-41243
-41234
-41234
-41231
-41226
-41213
-41206
-41203
-41201
-41173
-41152
-41146
-41141
-41138
-41136
-41135
-41125
-41122
-41119
-41106
-41102
-41096
-41092
-41071
-41068
-41067
-41057
-41048
-41034
-41028
-41027
-41016
-41015
-41000
-40965
-40940
-40931
-40916
-40903
-40902
-40902
-40898
-40889
-40888
-40884
-40862
-40811
-40806
-40804
-40801
-40801
-40782
-40780
-40775
-40757
-40738
-40729
-40725
-40708
-40700
-40698
-40698
-40685
-40684
-40681
-40681
-40678
-40645
-40644
-40640
-40618
-40587
-40574
-40559
-40531
-40524
-40521
-40513
-40508
-40507
-40499
-40499
-40483
-40482
-40466
-40460
-40458
-40451
-40439
-40434
-40419
-40403
-40403
-40397
-40381
-40379
-40373
-40367
-40359
-40357
-40355
-40344
-40309
-40300
-40293
-40288
-40277
-40252
-40241
-40227
-40218
-40204
-40202
-40202
-40180
-40166
-40164
-40162
-40157
-40155
-40153
-40136
-40136
-40122
-40087
-40081
-40076
-40042
-40036
-40023
-40003
-40002
-39993
-39976
-39972
-39964
-39960
-39954
-39949
-39927
-39922
-39920
-39864
-39853
-39850
-39842
-39823
-39813
-39806
-39796
-39777
-39775
-39772
-39770
-39731
-39722
-39692
-39684
-39683
-39680
-39678
-39677
-39674
-39641
-39639
-39639
-39628
-39613
-39607
-39597
-39588
-39586
-39574
-39571
-39551
-39546
-39526
-39501
-39490
-39482
-39452
-39448
-39447
-39443
-39440
-39440
-39437
-39421
-39411
-39406
-39405
-39392
-39380
-39373
-39363
-39362
-39362
-39361
-39353
-39344
-39333
-39323
-39317
-39315
-39307
-39306
-39286
-39278
-39251
-39235
-39216
-39216
-39186
-39179
-39153
-39122
-39122
-39118
-39102
-39099
-39070
-39067
-39066
-39066
-39036
-39022
-39009
-39005
-39002
-38985
-38981
-38943
-38938
-38937
-38928
-38910
-38907
-38898
-38865
-38848
-38842
-38834
-38823
-38822
-38804
-38804
-38795
-38780
-38777
-38774
-38758
-38751
-38748
-38738
-38718
-38714
-38703
-38700
-38698
-38679
-38668
-38651
-38644
-38639
-38628
-38621
-38619
-38615
-38613
-38603
-38602
-38590
-38573
-38564
-38544
-38539
-38533
-38530
-38510
-38508
-38503
-38503
-38495
-38492
-38481
-38471
-38464
-38447
-38430
-38428
-38426
-38380
-38366
-38363
-38358
-38353
-38346
-38346
-38344
-38342
-38341
-38304
-38300
-38296
-38288
-38281
-38279
-38242
-38238
-38238
-38216
-38165
-38152
-38135
-38123
-38119
-38106
-38087
-38085
-38085
-38079
-38076
-38062
-38058
-38050
-38037
-38033
-38028
-38027
-38015
-38008
-38003
-38001
-37982
-37960
-37946
-37936
-37936
-37936
-37902
-37898
-37893
-37877
-37854
-37845
-37844
-37840
-37836
-37825
-37824
-37803
-37802
-37783
-37765
-37763
-37762
-37755
-37746
-37734
-37723
-37720
-37717
-37711
-37696
-37695
-37682
-37669
-37660
-37647
-37646
-37639
-37614
-37599
-37558
-37548
-37530
-37529
-37517
-37497
-37495
-37494
-37486
-37459
-37449
-37446
-37438
-37422
-37413
-37412
-37407
-37400
-37398
-37396
-37391
-37387
-37383
-37380
-37284
-37264
-37260
-37258
-37257
-37257
-37250
-37248
-37246
-37234
-37234
-37218
-37186
-37177
-37177
-37139
-37122
-37108
-37076
-37074
-37073
-37064
-37060
-37054
-37041
-37035
-37030
-37020
-37003
-37000
-36999
-36998
-36991
-36964
-36951
-36944
-36936
-36934
-36933
-36932
-36927
-36910
-36901
-36893
-36883
-36878
-36877
-36874
-36868
-36857
-36846
-36832
-36812
-36798
-36787
-36787
-36786
-36779
-36753
-36752
-36750
-36746
-36722
-36718
-36707
-36698
-36696
-36691
-36650
-36647
-36639
-36628
-36574
-36574
-36549
-36539
-36538
-36528
-36516
-36508
-36491
-36481
-36455
-36428
-36428
-36419
-36419
-36408
-36398
-36385
-36383
-36371
-36363
-36360
-36356
-36347
-36342
-36321
-36314
-36310
-36301
-36283
-36275
-36274
-36263
-36256
-36253
-36252
-36251
-36244
-36242
-36218
-36216
-36212
-36200
-36179
-36169
-36152
-36151
-36149
-36147
-36132
-36119
-36090
-36089
-36079
-36072
-36069
-36058
-36035
-36029
-36027
-36022
-36021
-35992
-35982
-35937
-35935
-35908
-35902
-35885
-35884
-35884
-35881
-35875
-35865
-35865
-35862
-35858
-35854
-35830
-35815
-35812
-35807
-35806
-35794
-35792
-35779
-35777
-35768
-35761
-35745
-35725
-35716
-35702
-35699
-35690
-35689
-35676
-35664
-35647
-35644
-35620
-35611
-35610
-35608
-35608
-35560
-35506
-35476
-35465
-35457
-35457
-35453
-35451
-35451
-35438
-35412
-35404
-35385
-35372
-35368
-35367
-35348
-35339
-35331
-35329
-35329
-35302
-35298
-35289
-35279
-35264
-35257
-35243
-35242
-35241
-35241
-35225
-35223
-35219
-35209
-35201
-35193
-35182
-35182
-35170
-35140
-35109
-35100
-35094
-35087
-35080
-35078
-35078
-35055
-35054
-35050
-35047
-35042
-35041
-35041
-35038
-35027
-35020
-35018
-35004
-35002
-34996
-34965
-34952
-34940
-34933
-34917
-34902
-34899
-34893
-34892
-34888
-34877
-34837
-34798
-34795
-34745
-34742
-34736
-34733
-34723
-34718
-34717
-34708
-34681
-34651
-34630
-34629
-34624
-34621
-34607
-34604
-34603
-34601
-34585
-34575
-34554
-34550
-34542
-34540
-34539
-34536
-34534
-34522
-34516
-34500
-34497
-34488
-34486
-34477
-34477
-34471
-34460
-34454
-34443
-34442
-34437
-34437
-34416
-34409
-34403
-34392
-34391
-34390
-34382
-34356
-34332
-34326
-34310
-34302
-34296
-34296
-34280
-34272
-34214
-34214
-34209
-34197
-34189
-34188
-34179
-34176
-34159
-34156
-34151
-34139
-34134
-34130
-34108
-34087
-34086
-34083
-34079
-34072
-34070
-34056
-34034
-34032
-34030
-34028
-34028
-34025
-34010
-34008
-34007
-34004
-33995
-33994
-33993
-33981
-33978
-33940
-33918
-33915
-33905
-33901
-33874
-33864
-33858
-33840
-33837
-33825
-33823
-33787
-33784
-33765
-33762
-33748
-33748
-33746
-33746
-33732
-33727
-33720
-33705
-33661
-33653
-33646
-33645
-33640
-33636
-33636
-33633
-33613
-33613
-33611
-33608
-33604
-33600
-33597
-33583
-33578
-33559
-33557
-33550
-33537
-33537
-33532
-33519
-33517
-33511
-33496
-33494
-33494
-33489
-33483
-33479
-33459
-33451
-33447
-33446
-33428
-33394
-33393
-33388
-33363
-33345
-33332
-33321
-33320
-33316
-33305
-33288
-33271
-33266
-33257
-33255
-33253
-33252
-33250
-33250
-33223
-33216
-33207
-33198
-33136
-33117
-33105
-33097
-33045
-33032
-33018
-33008
-33006
-32983
-32980
-32963
-32944
-32919
-32902
-32900
-32895
-32895
-32889
-32888
-32887
-32883
-32872
-32862
-32856
-32842
-32821
-32814
-32807
-32799
-32794
-32783
-32776
-32771
-32750
-32744
-32726
-32725
-32720
-32716
-32706
-32686
-32679
-32647
-32638
-32623
-32619
-32614
-32602
-32599
-32592
-32589
-32588
-32582
-32578
-32558
-32550
-32540
-32534
-32525
-32509
-32508
-32497
-32488
-32484
-32450
-32438
-32426
-32419
-32407
-32393
-32388
-32375
-32374
-32359
-32332
-32325
-32319
-32317
-32305
-32300
-32292
-32262
-32258
-32254
-32246
-32241
-32239
-32228
-32210
-32210
-32205
-32197
-32174
-32151
-32141
-32131
-32130
-32130
-32127
-32126
-32107
-32103
-32091
-32089
-32084
-32083
-32071
-32069
-32038
-32038
-31994
-31989
-31979
-31978
-31977
-31970
-31958
-31954
-31945
-31944
-31940
-31936
-31915
-31904
-31901
-31871
-31870
-31854
-31850
-31850
-31847
-31836
-31829
-31823
-31794
-31793
-31792
-31775
-31775
-31768
-31767
-31761
-31750
-31733
-31726
-31719
-31717
-31706
-31699
-31698
-31689
-31679
-31661
-31624
-31620
-31609
-31603
-31600
-31584
-31583
-31580
-31574
-31549
-31536
-31530
-31519
-31514
-31497
-31487
-31480
-31479
-31473
-31458
-31451
-31443
-31428
-31423
-31422
-31415
-31404
-31397
-31392
-31385
-31371
-31365
-31357
-31357
-31324
-31316
-31313
-31302
-31296
-31294
-31285
-31259
-31259
-31243
-31239
-31229
-31226
-31205
-31196
-31183
-31179
-31177
-31171
-31170
-31168
-31160
-31138
-31119
-31108
-31104
-31098
-31071
-31045
-31037
-31019
-31003
-31001
-30983
-30983
-30973
-30955
-30938
-30936
-30914
-30909
-30909
-30899
-30880
-30877
-30866
-30846
-30845
-30839
-30837
-30781
-30774
-30745
-30744
-30727
-30718
-30690
-30677
-30676
-30662
-30643
-30614
-30601
-30586
-30582
-30569
-30566
-30564
-30551
-30535
-30532
-30530
-30529
-30523
-30490
-30460
-30447
-30446
-30442
-30410
-30404
-30391
-30385
-30383
-30374
-30358
-30355
-30353
-30348
-30341
-30333
-30319
-30309
-30285
-30274
-30261
-30252
-30247
-30246
-30245
-30238
-30236
-30220
-30208
-30200
-30200
-30187
-30182
-30181
-30178
-30178
-30177
-30173
-30163
-30148
-30144
-30139
-30133
-30131
-30127
-30115
-30104
-30093
-30081
-30053
-30039
-30039
-30029
-30025
-30021
-30006
-30004
-29988
-29983
-29980
-29970
-29966
-29946
-29942
-29915
-29898
-29880
-29875
-29864
-29837
-29812
-29787
-29786
-29781
-29778
-29768
-29745
-29743
-29723
-29711
-29703
-29696
-29692
-29682
-29679
-29658
-29655
-29649
-29649
-29629
-29618
-29591
-29543
-29535
-29523
-29521
-29511
-29509
-29507
-29506
-29503
-29502
-29501
-29497
-29468
-29461
-29461
-29461
-29444
-29437
-29429
-29384
-29382
-29381
-29377
-29341
-29341
-29336
-29321
-29292
-29290
-29283
-29273
-29234
-29232
-29208
-29208
-29206
-29203
-29150
-29142
-29136
-29113
-29100
-29098
-29097
-29093
-29086
-29083
-29074
-29060
-29043
-29041
-29033
-29028
-29027
-29025
-29024
-29022
-29017
-29015
-29013
-28984
-28929
-28919
-28917
-28879
-28877
-28869
-28850
-28821
-28815
-28814
-28804
-28798
-28795
-28792
-28771
-28771
-28758
-28753
-28752
-28741
-28738
-28730
-28723
-28699
-28695
-28692
-28680
-28667
-28659
-28654
-28651
-28636
-28631
-28630
-28615
-28613
-28567
-28543
-28535
-28534
-28523
-28496
-28447
-28444
-28433
-28420
-28415
-28408
-28407
-28404
-28398
-28378
-28377
-28361
-28355
-28345
-28328
-28314
-28309
-28301
-28287
-28274
-28265
-28253
-28233
-28223
-28211
-28210
-28180
-28179
-28172
-28166
-28149
-28144
-28129
-28126
-28120
-28119
-28119
-28117
-28114
-28097
-28079
-28072
-28066
-28059
-28056
-28052
-28042
-28033
-28026
-28015
-27993
-27978
-27973
-27970
-27968
-27950
-27947
-27942
-27925
-27921
-27906
-27884
-27876
-27875
-27864
-27859
-27858
-27832
-27830
-27823
-27820
-27817
-27816
-27800
-27794
-27778
-27765
-27746
-27727
-27701
-27694
-27686
-27678
-27671
-27665
-27665
-27664
-27651
-27647
-27638
-27605
-27573
-27565
-27564
-27561
-27529
-27504
-27476
-27458
-27436
-27422
-27416
-27394
-27392
-27380
-27375
-27374
-27363
-27341
-27314
-27311
-27310
-27308
-27306
-27304
-27287
-27284
-27272
-27265
-27261
-27246
-27245
-27245
-27220
-27208
-27202
-27194
-27182
-27159
-27158
-27156
-27156
-27149
-27149
-27117
-27115
-27107
-27080
-27072
-27064
-27063
-27061
-27036
-27029
-27002
-26996
-26990
-26990
-26980
-26979
-26977
-26971
-26965
-26952
-26948
-26901
-26889
-26865
-26815
-26794
-26777
-26758
-26758
-26731
-26731
-26731
-26730
-26719
-26713
-26708
-26694
-26685
-26675
-26659
-26640
-26625
-26622
-26621
-26616
-26615
-26585
-26572
-26567
-26565
-26556
-26555
-26553
-26549
-26540
-26531
-26529
-26528
-26506
-26502
-26468
-26433
-26427
-26424
-26414
-26414
-26399
-26396
-26360
-26337
-26325
-26277
-26254
-26239
-26237
-26219
-26206
-26190
-26179
-26158
-26155
-26147
-26144
-26123
-26116
-26109
-26109
-26102
-26100
-26087
-26082
-26070
-26068
-26067
-26066
-26061
-26061
-26046
-26023
-26015
-26009
-26001
-25986
-25976
-25922
-25917
-25907
-25902
-25895
-25895
-25886
-25870
-25857
-25848
-25846
-25837
-25810
-25807
-25804
-25788
-25784
-25777
-25774
-25773
-25755
-25752
-25736
-25736
-25735
-25721
-25721
-25715
-25712
-25708
-25699
-25693
-25685
-25676
-25662
-25654
-25648
-25628
-25624
-25619
-25618
-25614
-25614
-25610
-25607
-25604
-25590
-25588
-25579
-25579
-25561
-25554
-25530
-25471
-25450
-25430
-25415
-25410
-25402
-25384
-25367
-25365
-25345
-25341
-25317
-25310
-25297
-25295
-25282
-25274
-25269
-25263
-25259
-25254
-25239
-25237
-25204
-25187
-25186
-25182
-25175
-25175
-25174
-25168
-25166
-25158
-25139
-25139
-25135
-25125
-25121
-25111
-25107
-25107
-25087
-25080
-25073
-25072
-25071
-25068
-25068
-25062
-25057
-25054
-25041
-25037
-25021
-25011
-24999
-24994
-24987
-24983
-24981
-24951
-24945
-24941
-24919
-24905
-24895
-24884
-24869
-24864
-24863
-24861
-24845
-24840
-24830
-24825
-24820
-24796
-24762
-24762
-24761
-24755
-24746
-24743
-24739
-24717
-24713
-24695
-24689
-24681
-24678
-24673
-24672
-24672
-24664
-24651
-24650
-24635
-24624
-24613
-24588
-24573
-24562
-24551
-24538
-24519
-24482
-24481
-24480
-24474
-24468
-24459
-24445
-24401
-24396
-24393
-24388
-24383
-24373
-24372
-24350
-24345
-24337
-24326
-24315
-24287
-24273
-24257
-24206
-24205
-24188
-24183
-24168
-24148
-24137
-24124
-24115
-24114
-24092
-24083
-24082
-24081
-24048
-24043
-24012
-23994
-23991
-23972
-23969
-23950
-23948
-23945
-23943
-23933
-23929
-23920
-23893
-23890
-23881
-23857
-23843
-23839
-23836
-23818
-23787
-23780
-23770
-23767
-23765
-23764
-23750
-23743
-23740
-23735
-23725
-23722
-23720
-23684
-23676
-23656
-23647
-23636
-23632
-23611
-23601
-23577
-23564
-23558
-23538
-23536
-23530
-23528
-23511
-23501
-23490
-23462
-23450
-23449
-23442
-23440
-23431
-23415
-23404
-23402
-23397
-23396
-23371
-23363
-23362
-23359
-23358
-23351
-23348
-23314
-23313
-23303
-23295
-23292
-23288
-23274
-23263
-23230
-23221
-23220
-23202
-23188
-23182
-23162
-23159
-23152
-23151
-23146
-23140
-23137
-23057
-23046
-23042
-23041
-23038
-23033
-23019
-23010
-23006
-22980
-22967
-22962
-22962
-22955
-22952
-22946
-22921
-22921
-22901
-22896
-22892
-22888
-22886
-22871
-22854
-22851
-22839
-22836
-22831
-22786
-22781
-22778
-22771
-22761
-22752
-22747
-22729
-22726
-22723
-22717
-22710
-22701
-22699
-22698
-22680
-22671
-22670
-22648
-22637
-22637
-22595
-22589
-22572
-22572
-22569
-22566
-22555
-22542
-22537
-22526
-22519
-22514
-22511
-22509
-22495
-22484
-22480
-22473
-22468
-22465
-22455
-22447
-22446
-22416
-22410
-22402
-22394
-22389
-22378
-22364
-22357
-22344
-22336
-22312
-22275
-22256
-22244
-22229
-22224
-22204
-22186
-22169
-22159
-22151
-22133
-22132
-22125
-22120
-22117
-22104
-22081
-22062
-22058
-22049
-22049
-22039
-22023
-22010
-21993
-21967
-21945
-21939
-21933
-21932
-21927
-21918
-21908
-21905
-21895
-21890
-21888
-21854
-21845
-21842
-21838
-21825
-21824
-21813
-21807
-21763
-21757
-21750
-21744
-21742
-21722
-21716
-21708
-21694
-21688
-21683
-21675
-21669
-21662
-21646
-21614
-21583
-21582
-21581
-21581
-21570
-21553
-21549
-21531
-21528
-21528
-21524
-21513
-21512
-21510
-21510
-21509
-21491
-21471
-21466
-21459
-21458
-21451
-21433
-21431
-21420
-21416
-21414
-21397
-21393
-21390
-21385
-21379
-21366
-21365
-21352
-21349
-21342
-21334
-21328
-21322
-21313
-21272
-21267
-21261
-21258
-21253
-21240
-21230
-21214
-21213
-21213
-21209
-21203
-21188
-21180
-21176
-21144
-21141
-21137
-21135
-21134
-21128
-21128
-21120
-21118
-21117
-21106
-21096
-21080
-21076
-21071
-21070
-21032
-21028
-21019
-21019
-21010
-20968
-20967
-20960
-20945
-20938
-20928
-20907
-20907
-20906
-20905
-20905
-20886
-20876
-20874
-20841
-20835
-20831
-20828
-20821
-20819
-20813
-20801
-20797
-20790
-20775
-20770
-20765
-20763
-20745
-20741
-20737
-20729
-20720
-20717
-20716
-20714
-20706
-20684
-20664
-20647
-20639
-20637
-20602
-20575
-20559
-20551
-20549
-20547
-20534
-20530
-20529
-20528
-20525
-20522
-20520
-20519
-20507
-20492
-20463
-20456
-20455
-20449
-20435
-20434
-20429
-20414
-20411
-20411
-20409
-20401
-20394
-20392
-20389
-20386
-20385
-20384
-20383
-20382
-20379
-20374
-20372
-20361
-20354
-20344
-20340
-20338
-20329
-20299
-20264
-20251
-20246
-20236
-20235
-20221
-20221
-20207
-20193
-20187
-20185
-20180
-20163
-20123
-20079
-20066
-20060
-20046
-20042
-20035
-20024
-20019
-20016
-20015
-20010
-19980
-19968
-19968
-19967
-19966
-19957
-19956
-19941
-19934
-19930
-19888
-19877
-19859
-19848
-19836
-19836
-19828
-19825
-19814
-19805
-19800
-19796
-19795
-19788
-19771
-19770
-19765
-19764
-19747
-19701
-19667
-19655
-19631
-19624
-19603
-19592
-19582
-19582
-19573
-19563
-19539
-19529
-19523
-19519
-19517
-19516
-19513
-19500
-19475
-19471
-19466
-19432
-19421
-19393
-19386
-19385
-19368
-19356
-19338
-19336
-19330
-19306
-19297
-19296
-19291
-19270
-19255
-19254
-19252
-19244
-19242
-19231
-19223
-19191
-19185
-19170
-19167
-19166
-19166
-19156
-19138
-19129
-19114
-19113
-19107
-19045
-19037
-19035
-19033
-19027
-19022
-19017
-19015
-19010
-19006
-19003
-18993
-18984
-18967
-18967
-18963
-18961
-18957
-18948
-18943
-18938
-18935
-18933
-18930
-18925
-18924
-18908
-18890
-18887
-18884
-18882
-18878
-18874
-18859
-18851
-18843
-18828
-18807
-18788
-18778
-18773
-18772
-18772
-18766
-18705
-18695
-18691
-18688
-18682
-18673
-18671
-18665
-18660
-18659
-18658
-18652
-18636
-18623
-18620
-18609
-18590
-18586
-18561
-18547
-18537
-18535
-18526
-18518
-18508
-18507
-18481
-18474
-18472
-18460
-18456
-18451
-18449
-18443
-18435
-18414
-18399
-18395
-18381
-18368
-18363
-18356
-18349
-18338
-18313
-18308
-18301
-18290
-18276
-18266
-18254
-18245
-18233
-18229
-18217
-18213
-18205
-18175
-18171
-18170
-18151
-18146
-18134
-18114
-18113
-18066
-18063
-18057
-18030
-18026
-17999
-17989
-17984
-17983
-17971
-17967
-17965
-17952
-17930
-17885
-17881
-17868
-17843
-17833
-17826
-17823
-17823
-17815
-17814
-17807
-17801
-17796
-17793
-17786
-17784
-17769
-17767
-17747
-17741
-17731
-17709
-17705
-17694
-17694
-17691
-17686
-17685
-17683
-17681
-17678
-17657
-17631
-17590
-17559
-17558
-17546
-17540
-17513
-17510
-17490
-17476
-17473
-17461
-17451
-17445
-17437
-17424
-17412
-17407
-17404
-17388
-17366
-17352
-17349
-17302
-17300
-17290
-17276
-17272
-17270
-17258
-17257
-17252
-17251
-17249
-17247
-17242
-17241
-17238
-17232
-17198
-17159
-17157
-17153
-17109
-17083
-17082
-17052
-17050
-17026
-16997
-16990
-16982
-16978
-16974
-16973
-16964
-16956
-16930
-16917
-16916
-16895
-16888
-16886
-16883
-16882
-16845
-16833
-16829
-16819
-16817
-16784
-16768
-16763
-16748
-16735
-16724
-16724
-16706
-16685
-16675
-16668
-16643
-16626
-16617
-16616
-16612
-16602
-16582
-16577
-16572
-16562
-16562
-16561
-16554
-16549
-16539
-16538
-16533
-16522
-16508
-16475
-16469
-16454
-16440
-16406
-16403
-16393
-16392
-16391
-16390
-16386
-16371
-16370
-16370
-16369
-16362
-16360
-16360
-16320
-16316
-16299
-16283
-16276
-16265
-16258
-16244
-16244
-16232
-16218
-16192
-16190
-16185
-16170
-16154
-16146
-16141
-16140
-16128
-16110
-16097
-16074
-16068
-16041
-16040
-16027
-16020
-16016
-16004
-16001
-15994
-15975
-15974
-15972
-15968
-15958
-15954
-15953
-15951
-15950
-15938
-15921
-15883
-15878
-15878
-15870
-15867
-15863
-15839
-15817
-15817
-15805
-15800
-15796
-15786
-15785
-15768
-15766
-15734
-15722
-15692
-15689
-15649
-15636
-15616
-15615
-15614
-15611
-15610
-15608
-15607
-15596
-15577
-15573
-15573
-15546
-15538
-15523
-15512
-15503
-15500
-15481
-15459
-15434
-15432
-15428
-15427
-15397
-15397
-15336
-15329
-15326
-15314
-15303
-15302
-15290
-15269
-15262
-15251
-15248
-15215
-15208
-15200
-15187
-15185
-15170
-15149
-15138
-15126
-15107
-15097
-15095
-15087
-15087
-15077
-15068
-15050
-15042
-15032
-15031
-15019
-15008
-14992
-14980
-14979
-14962
-14936
-14934
-14931
-14926
-14925
-14905
-14896
-14874
-14872
-14865
-14865
-14859
-14853
-14849
-14845
-14842
-14836
-14804
-14801
-14792
-14787
-14786
-14763
-14761
-14755
-14752
-14664
-14640
-14639
-14638
-14635
-14634
-14621
-14594
-14581
-14570
-14569
-14563
-14562
-14537
-14514
-14497
-14490
-14456
-14453
-14449
-14433
-14414
-14414
-14412
-14409
-14389
-14372
-14365
-14363
-14348
-14344
-14341
-14306
-14301
-14299
-14290
-14276
-14273
-14256
-14246
-14239
-14216
-14194
-14193
-14185
-14176
-14152
-14123
-14116
-14082
-14074
-14069
-14046
-14041
-14021
-14019
-14008
-14007
-13984
-13974
-13967
-13967
-13954
-13934
-13915
-13890
-13887
-13880
-13880
-13864
-13859
-13843
-13827
-13822
-13816
-13813
-13810
-13805
-13795
-13786
-13771
-13768
-13751
-13728
-13716
-13664
-13659
-13649
-13604
-13601
-13600
-13592
-13587
-13577
-13568
-13560
-13548
-13528
-13500
-13499
-13495
-13471
-13460
-13456
-13451
-13439
-13431
-13408
-13375
-13368
-13360
-13355
-13347
-13346
-13335
-13322
-13321
-13309
-13302
-13281
-13277
-13236
-13231
-13231
-13211
-13210
-13207
-13195
-13169
-13168
-13163
-13162
-13138
-13128
-13124
-13111
-13061
-13058
-13048
-13040
-13038
-13030
-13006
-13003
-13002
-12979
-12975
-12963
-12958
-12953
-12952
-12948
-12939
-12923
-12916
-12910
-12909
-12898
-12879
-12875
-12870
-12848
-12829
-12804
-12802
-12788
-12779
-12752
-12745
-12744
-12721
-12720
-12715
-12711
-12710
-12699
-12686
-12682
-12679
-12670
-12658
-12657
-12656
-12643
-12640
-12613
-12611
-12596
-12594
-12588
-12581
-12546
-12540
-12505
-12500
-12450
-12450
-12450
-12442
-12425
-12417
-12406
-12388
-12375
-12362
-12350
-12333
-12333
-12329
-12319
-12301
-12296
-12287
-12266
-12263
-12248
-12244
-12233
-12203
-12180
-12179
-12174
-12174
-12173
-12163
-12152
-12129
-12120
-12108
-12092
-12084
-12070
-12063
-12051
-12042
-12039
-12039
-12034
-12019
-12007
-11984
-11983
-11960
-11951
-11940
-11933
-11913
-11897
-11897
-11892
-11885
-11884
-11865
-11854
-11850
-11850
-11834
-11815
-11797
-11795
-11791
-11791
-11782
-11780
-11772
-11755
-11738
-11736
-11736
-11732
-11719
-11712
-11703
-11688
-11687
-11682
-11673
-11673
-11669
-11658
-11645
-11629
-11620
-11619
-11592
-11585
-11576
-11570
-11566
-11539
-11524
-11502
-11490
-11478
-11477
-11477
-11476
-11474
-11465
-11438
-11424
-11419
-11405
-11392
-11362
-11344
-11342
-11339
-11337
-11330
-11317
-11304
-11302
-11297
-11296
-11281
-11273
-11268
-11258
-11257
-11257
-11256
-11255
-11254
-11252
-11251
-11242
-11239
-11237
-11232
-11213
-11205
-11193
-11182
-11179
-11172
-11163
-11149
-11146
-11131
-11115
-11113
-11029
-11028
-11023
-11014
-11009
-11006
-11001
-10997
-10979
-10929
-10906
-10900
-10900
-10886
-10855
-10842
-10828
-10827
-10823
-10820
-10813
-10811
-10805
-10779
-10774
-10748
-10747
-10728
-10721
-10717
-10701
-10698
-10694
-10679
-10677
-10670
-10665
-10665
-10655
-10652
-10646
-10613
-10594
-10593
-10576
-10575
-10574
-10571
-10556
-10554
-10551
-10548
-10538
-10530
-10528
-10526
-10500
-10480
-10472
-10467
-10445
-10441
-10437
-10414
-10397
-10380
-10362
-10350
-10327
-10324
-10285
-10275
-10272
-10271
-10269
-10251
-10247
-10212
-10193
-10129
-10127
-10102
-10098
-10094
-10089
-10085
-10064
-10057
-10047
-10044
-10032
-10031
-10013
-10006
-10001
-9998
-9994
-9993
-9992
-9988
-9986
-9983
-9981
-9973
-9960
-9929
-9904
-9901
-9897
-9894
-9883
-9883
-9869
-9868
-9861
-9851
-9841
-9836
-9828
-9822
-9817
-9800
-9792
-9783
-9775
-9771
-9767
-9754
-9741
-9740
-9734
-9725
-9721
-9720
-9699
-9676
-9672
-9667
-9665
-9634
-9629
-9629
-9627
-9615
-9603
-9595
-9591
-9582
-9571
-9562
-9545
-9537
-9501
-9501
-9466
-9464
-9463
-9448
-9444
-9436
-9430
-9420
-9419
-9417
-9412
-9412
-9409
-9396
-9395
-9383
-9382
-9374
-9362
-9355
-9348
-9345
-9345
-9321
-9318
-9315
-9313
-9304
-9298
-9263
-9263
-9253
-9250
-9247
-9233
-9229
-9222
-9210
-9204
-9197
-9196
-9191
-9180
-9174
-9169
-9151
-9137
-9125
-9120
-9092
-9074
-9063
-9035
-9017
-9012
-9000
-8999
-8997
-8996
-8995
-8993
-8975
-8969
-8965
-8963
-8960
-8953
-8947
-8937
-8919
-8914
-8912
-8899
-8891
-8888
-8882
-8869
-8869
-8866
-8858
-8845
-8839
-8834
-8827
-8826
-8814
-8802
-8795
-8791
-8789
-8767
-8757
-8753
-8752
-8751
-8726
-8699
-8697
-8692
-8691
-8683
-8681
-8677
-8669
-8669
-8667
-8657
-8645
-8642
-8613
-8604
-8601
-8551
-8539
-8523
-8521
-8519
-8516
-8516
-8513
-8507
-8503
-8487
-8479
-8458
-8453
-8447
-8434
-8427
-8415
-8404
-8388
-8387
-8384
-8368
-8366
-8363
-8348
-8336
-8316
-8316
-8305
-8300
-8296
-8294
-8290
-8286
-8279
-8274
-8255
-8255
-8252
-8223
-8195
-8174
-8161
-8159
-8156
-8154
-8143
-8143
-8139
-8134
-8127
-8107
-8104
-8084
-8078
-8073
-8071
-8069
-8067
-8065
-8063
-8062
-8050
-8049
-8042
-8042
-8038
-8004
-7998
-7995
-7987
-7979
-7976
-7974
-7969
-7942
-7922
-7910
-7903
-7898
-7878
-7870
-7841
-7802
-7793
-7782
-7778
-7775
-7770
-7755
-7751
-7748
-7740
-7738
-7729
-7727
-7714
-7703
-7691
-7685
-7681
-7660
-7648
-7607
-7594
-7593
-7584
-7582
-7552
-7550
-7548
-7546
-7538
-7523
-7519
-7517
-7481
-7476
-7468
-7442
-7411
-7408
-7398
-7381
-7378
-7366
-7352
-7349
-7331
-7330
-7329
-7326
-7307
-7304
-7299
-7283
-7272
-7256
-7256
-7253
-7250
-7233
-7229
-7229
-7217
-7212
-7208
-7190
-7190
-7183
-7173
-7172
-7142
-7133
-7129
-7124
-7123
-7109
-7109
-7099
-7079
-7072
-7066
-7063
-7047
-7045
-7045
-7031
-7029
-7007
-6994
-6980
-6972
-6970
-6967
-6921
-6906
-6873
-6864
-6845
-6841
-6838
-6834
-6825
-6758
-6746
-6745
-6741
-6740
-6736
-6730
-6692
-6688
-6670
-6669
-6665
-6649
-6641
-6635
-6618
-6613
-6599
-6598
-6590
-6587
-6586
-6585
-6578
-6575
-6567
-6558
-6557
-6514
-6488
-6483
-6456
-6456
-6451
-6451
-6443
-6440
-6434
-6433
-6409
-6398
-6382
-6377
-6341
-6340
-6334
-6333
-6329
-6321
-6318
-6313
-6313
-6307
-6287
-6285
-6281
-6248
-6235
-6209
-6207
-6170
-6160
-6155
-6149
-6131
-6131
-6131
-6087
-6075
-6072
-6065
-6060
-6055
-6043
-6041
-6040
-6025
-6017
-6010
-5986
-5981
-5971
-5966
-5961
-5927
-5917
-5914
-5910
-5906
-5892
-5881
-5872
-5859
-5854
-5847
-5825
-5814
-5789
-5775
-5774
-5768
-5756
-5755
-5745
-5739
-5720
-5688
-5684
-5684
-5678
-5667
-5635
-5632
-5620
-5607
-5587
-5572
-5570
-5567
-5556
-5555
-5555
-5553
-5548
-5543
-5536
-5532
-5523
-5512
-5509
-5507
-5493
-5487
-5444
-5426
-5424
-5409
-5408
-5404
-5400
-5399
-5392
-5386
-5386
-5379
-5367
-5364
-5352
-5339
-5336
-5329
-5323
-5311
-5308
-5306
-5285
-5284
-5284
-5283
-5273
-5266
-5264
-5256
-5213
-5210
-5184
-5175
-5164
-5162
-5148
-5139
-5134
-5133
-5125
-5115
-5114
-5113
-5104
-5094
-5064
-5057
-5051
-5045
-5043
-5027
-5024
-5021
-5006
-5004
-4985
-4965
-4960
-4953
-4950
-4947
-4916
-4862
-4849
-4836
-4823
-4813
-4799
-4780
-4773
-4769
-4766
-4765
-4765
-4731
-4723
-4719
-4718
-4714
-4707
-4694
-4681
-4666
-4666
-4651
-4632
-4610
-4597
-4596
-4593
-4589
-4589
-4586
-4585
-4571
-4544
-4540
-4534
-4509
-4491
-4474
-4465
-4459
-4451
-4449
-4449
-4443
-4440
-4433
-4424
-4421
-4414
-4392
-4379
-4372
-4372
-4370
-4332
-4331
-4330
-4319
-4318
-4302
-4292
-4281
-4281
-4261
-4260
-4259
-4258
-4257
-4249
-4241
-4240
-4215
-4209
-4194
-4193
-4193
-4183
-4171
-4170
-4166
-4159
-4157
-4135
-4134
-4120
-4113
-4112
-4095
-4082
-4081
-4078
-4077
-4073
-4063
-4052
-4050
-4014
-4011
-4009
-4004
-4004
-4003
-3999
-3949
-3949
-3948
-3944
-3943
-3939
-3928
-3921
-3917
-3912
-3885
-3884
-3884
-3880
-3880
-3870
-3863
-3855
-3853
-3852
-3847
-3847
-3840
-3834
-3834
-3832
-3828
-3823
-3819
-3812
-3812
-3807
-3796
-3793
-3784
-3747
-3733
-3684
-3671
-3664
-3657
-3656
-3638
-3603
-3596
-3588
-3580
-3556
-3553
-3552
-3551
-3543
-3537
-3524
-3520
-3517
-3507
-3506
-3492
-3470
-3458
-3439
-3435
-3434
-3433
-3415
-3401
-3385
-3384
-3381
-3364
-3355
-3344
-3333
-3326
-3326
-3314
-3304
-3303
-3294
-3284
-3273
-3270
-3253
-3237
-3223
-3222
-3214
-3213
-3212
-3184
-3168
-3166
-3164
-3161
-3141
-3139
-3128
-3126
-3106
-3075
-3075
-3069
-3055
-3054
-3049
-3048
-3036
-3034
-3021
-3002
-2988
-2979
-2978
-2972
-2963
-2943
-2940
-2937
-2916
-2898
-2896
-2895
-2893
-2890
-2879
-2860
-2860
-2857
-2849
-2838
-2836
-2829
-2828
-2826
-2807
-2805
-2778
-2775
-2744
-2732
-2727
-2686
-2659
-2641
-2640
-2640
-2614
-2610
-2603
-2582
-2573
-2562
-2557
-2544
-2541
-2535
-2532
-2531
-2522
-2508
-2484
-2478
-2472
-2454
-2451
-2448
-2442
-2436
-2429
-2400
-2399
-2372
-2357
-2354
-2348
-2334
-2333
-2328
-2321
-2315
-2310
-2300
-2295
-2294
-2250
-2240
-2227
-2202
-2199
-2194
-2183
-2175
-2173
-2170
-2161
-2159
-2148
-2144
-2137
-2128
-2123
-2120
-2114
-2108
-2088
-2074
-2070
-2055
-2051
-2040
-2031
-2028
-2010
-2010
-2008
-2003
-1970
-1963
-1945
-1942
-1931
-1930
-1919
-1907
-1905
-1899
-1885
-1855
-1843
-1839
-1825
-1824
-1823
-1802
-1799
-1786
-1781
-1769
-1765
-1764
-1763
-1758
-1733
-1726
-1721
-1716
-1714
-1700
-1698
-1696
-1691
-1685
-1685
-1655
-1652
-1652
-1642
-1638
-1636
-1606
-1580
-1577
-1577
-1576
-1573
-1558
-1557
-1554
-1550
-1491
-1464
-1461
-1441
-1437
-1416
-1411
-1403
-1395
-1363
-1360
-1347
-1342
-1342
-1340
-1319
-1312
-1308
-1280
-1280
-1253
-1253
-1250
-1226
-1207
-1199
-1194
-1179
-1154
-1141
-1135
-1129
-1090
-1047
-1044
-1044
-1029
-1022
-1009
-1001
-987
-969
-962
-956
-934
-933
-911
-908
-881
-880
-879
-878
-878
-872
-867
-858
-854
-851
-848
-828
-827
-820
-813
-812
-812
-806
-777
-771
-753
-751
-749
-743
-737
-734
-713
-699
-693
-668
-653
-643
-629
-621
-615
-609
-606
-601
-600
-596
-589
-588
-586
-585
-583
-552
-547
-546
-526
-517
-499
-474
-427
-426
-426
-421
-419
-413
-402
-387
-385
-384
-381
-380
-372
-339
-322
-322
-321
-314
-311
-308
-295
-294
-279
-243
-242
-227
-221
-215
-211
-183
-181
-179
-176
-164
-162
-159
-146
-138
-137
-131
-118
-116
-107
-101
-97
-97
-92
-84
-80
-71
-66
-53
-53
-50
-41
-31
-20
-19
-17
-13
-13
-5
-3
0
0
11
48
62
63
76
88
94
97
97
101
111
136
150
164
166
169
171
185
188
191
209
211
233
233
252
259
263
275
286
288
291
294
300
313
320
321
321
328
350
360
365
373
373
383
386
389
412
413
421
428
453
457
457
477
478
496
509
519
519
532
543
577
578
590
599
605
617
631
632
645
668
669
681
681
692
703
705
710
724
729
738
742
745
752
757
758
764
773
774
779
785
786
795
806
823
833
836
842
846
852
896
912
914
933
935
947
947
963
973
982
1007
1007
1010
1012
1023
1024
1036
1046
1059
1064
1065
1066
1093
1098
1113
1113
1126
1133
1141
1149
1157
1166
1173
1184
1185
1200
1207
1207
1259
1268
1293
1297
1310
1318
1329
1333
1355
1373
1379
1381
1403
1405
1414
1415
1435
1452
1460
1469
1474
1477
1478
1511
1527
1527
1561
1562
1564
1573
1575
1592
1594
1605
1611
1612
1646
1668
1681
1682
1696
1699
1700
1700
1715
1717
1728
1732
1736
1736
1748
1749
1756
1777
1784
1801
1802
1803
1821
1827
1844
1848
1850
1856
1857
1858
1871
1872
1880
1884
1889
1890
1897
1901
1905
1906
1912
1918
1934
1943
1949
1951
1976
1991
2021
2066
2071
2085
2099
2107
2112
2121
2164
2168
2185
2185
2195
2215
2225
2237
2250
2253
2271
2278
2315
2316
2318
2328
2347
2361
2363
2370
2373
2377
2380
2386
2390
2393
2399
2403
2407
2422
2422
2432
2439
2453
2508
2511
2525
2526
2529
2535
2547
2557
2558
2562
2564
2571
2581
2582
2593
2604
2609
2625
2650
2667
2705
2716
2716
2720
2728
2741
2756
2760
2782
2798
2808
2808
2815
2819
2828
2829
2832
2835
2848
2853
2874
2881
2918
2982
2982
2989
3028
3033
3046
3058
3065
3068
3076
3080
3085
3086
3086
3091
3093
3103
3112
3119
3127
3133
3145
3149
3156
3175
3178
3184
3191
3205
3214
3221
3229
3255
3255
3277
3283
3288
3291
3292
3311
3320
3324
3344
3345
3353
3361
3379
3382
3395
3396
3398
3400
3416
3422
3427
3441
3443
3451
3458
3480
3495
3504
3516
3520
3525
3560
3560
3567
3606
3607
3626
3627
3634
3636
3639
3640
3642
3657
3669
3672
3680
3690
3695
3696
3697
3711
3714
3716
3737
3737
3741
3753
3755
3758
3765
3793
3818
3822
3838
3848
3852
3853
3853
3854
3872
3882
3915
3920
3920
3935
3966
3969
3975
3990
3999
4015
4024
4046
4069
4071
4072
4072
4093
4099
4117
4120
4130
4153
4164
4170
4181
4186
4193
4196
4200
4203
4211
4212
4223
4251
4261
4264
4265
4269
4271
4274
4284
4291
4292
4292
4297
4304
4306
4322
4324
4325
4347
4355
4412
4427
4434
4435
4468
4471
4484
4487
4506
4544
4544
4549
4551
4555
4556
4556
4562
4567
4585
4593
4607
4610
4611
4627
4642
4663
4668
4670
4678
4680
4700
4715
4743
4764
4770
4785
4859
4872
4873
4874
4904
4910
4920
4931
4942
4949
4957
4959
4972
4973
4981
4990
4996
5007
5012
5014
5035
5039
5049
5061
5066
5076
5093
5106
5137
5149
5151
5157
5174
5177
5177
5177
5192
5203
5206
5209
5222
5225
5239
5257
5274
5281
5286
5295
5306
5313
5323
5327
5328
5332
5344
5346
5353
5355
5356
5371
5383
5391
5395
5436
5437
5439
5466
5468
5469
5476
5479
5483
5496
5515
5517
5527
5541
5541
5558
5575
5603
5605
5618
5630
5634
5668
5690
5699
5725
5739
5746
5750
5767
5768
5773
5779
5780
5796
5799
5803
5806
5810
5813
5815
5828
5836
5838
5839
5839
5848
5848
5876
5893
5902
5908
5911
5924
5931
5937
5945
5966
5975
5986
5992
6025
6046
6047
6048
6069
6097
6111
6121
6136
6149
6184
6202
6206
6209
6218
6221
6238
6238
6242
6258
6291
6312
6328
6339
6360
6361
6423
6432
6454
6481
6486
6500
6516
6530
6531
6549
6554
6559
6569
6569
6573
6595
6613
6635
6668
6670
6691
6711
6731
6739
6781
6803
6809
6850
6864
6865
6869
6871
6876
6896
6965
6986
6989
6989
6998
7006
7015
7033
7042
7063
7074
7076
7101
7102
7109
7110
7129
7140
7162
7166
7172
7178
7188
7197
7222
7236
7252
7270
7274
7274
7279
7291
7295
7301
7301
7307
7314
7314
7318
7332
7333
7345
7345
7360
7371
7375
7381
7394
7396
7405
7414
7422
7422
7426
7426
7445
7446
7466
7470
7489
7511
7521
7530
7539
7548
7567
7582
7610
7613
7638
7639
7640
7652
7656
7675
7684
7684
7692
7694
7698
7709
7711
7734
7735
7736
7737
7738
7739
7739
7752
7753
7754
7775
7781
7796
7803
7812
7815
7841
7851
7863
7892
7893
7897
7900
7900
7903
7915
7919
7921
7937
7947
7950
7968
7971
7985
8007
8033
8040
8041
8071
8073
8076
8088
8089
8091
8095
8115
8122
8132
8138
8142
8148
8154
8163
8172
8175
8207
8232
8236
8237
8246
8249
8251
8251
8261
8276
8316
8319
8319
8330
8344
8361
8383
8390
8404
8441
8460
8465
8483
8491
8494
8503
8506
8540
8566
8566
8573
8602
8608
8616
8623
8630
8630
8633
8640
8657
8672
8675
8676
8677
8696
8713
8731
8733
8743
8748
8764
8764
8772
8773
8782
8805
8820
8834
8836
8841
8868
8870
8870
8879
8903
8920
8950
8951
8952
8970
8988
8995
8999
9004
9016
9034
9043
9046
9047
9052
9062
9067
9070
9077
9078
9093
9120
9139
9156
9162
9168
9196
9209
9219
9229
9245
9248
9249
9251
9255
9255
9259
9262
9274
9306
9310
9322
9345
9346
9375
9394
9411
9442
9452
9461
9461
9476
9492
9497
9499
9508
9511
9521
9526
9546
9563
9564
9611
9615
9617
9625
9626
9644
9644
9677
9682
9690
9691
9697
9698
9700
9721
9744
9762
9772
9809
9810
9823
9825
9857
9871
9885
9886
9909
9917
9920
9981
9983
9984
9985
9993
10004
10010
10015
10040
10044
10045
10048
10070
10101
10101
10103
10108
10142
10151
10156
10182
10210
10213
10217
10227
10244
10269
10285
10287
10293
10294
10347
10350
10352
10362
10368
10370
10377
10393
10394
10399
10402
10423
10434
10435
10438
10460
10466
10469
10473
10475
10486
10487
10491
10510
10515
10516
10531
10532
10532
10532
10539
10557
10567
10570
10580
10585
10604
10616
10618
10622
10622
10631
10644
10653
10659
10670
10685
10687
10700
10708
10714
10714
10721
10722
10728
10734
10741
10742
10753
10766
10772
10811
10819
10820
10831
10848
10860
10880
10886
10894
10910
10916
10947
10949
10975
10978
10992
11006
11035
11049
11049
11065
11080
11092
11093
11097
11118
11132
11135
11145
11162
11172
11178
11183
11187
11190
11194
11203
11232
11250
11251
11254
11255
11255
11262
11263
11277
11289
11329
11334
11344
11347
11360
11391
11401
11440
11457
11458
11469
11469
11475
11476
11477
11509
11512
11517
11527
11554
11558
11573
11584
11607
11609
11620
11622
11626
11629
11632
11641
11660
11666
11671
11682
11682
11684
11687
11692
11704
11709
11715
11738
11756
11765
11781
11791
11794
11806
11829
11834
11843
11873
11880
11896
11898
11898
11912
11915
11919
11926
11954
11958
11970
11973
11976
11990
12016
12027
12055
12064
12067
12102
12113
12121
12121
12122
12131
12159
12160
12160
12180
12190
12237
12250
12272
12287
12310
12314
12317
12322
12323
12329
12330
12331
12335
12349
12351
12384
12400
12417
12431
12454
12482
12492
12505
12511
12523
12528
12528
12544
12555
12558
12562
12596
12597
12600
12613
12621
12630
12636
12644
12668
12676
12678
12680
12690
12702
12712
12717
12736
12753
12761
12768
12776
12788
12815
12830
12845
12852
12859
12864
12868
12879
12882
12923
12931
12938
12960
12961
12962
12964
12975
12979
12987
12993
13031
13043
13075
13083
13090
13091
13094
13109
13124
13172
13183
13228
13242
13257
13282
13293
13315
13322
13323
13324
13326
13330
13337
13340
13351
13356
13365
13388
13392
13412
13422
13429
13450
13451
13475
13482
13489
13493
13518
13530
13532
13536
13544
13555
13559
13570
13590
13591
13593
13595
13608
13655
13657
13665
13674
13679
13691
13696
13702
13724
13724
13726
13742
13749
13757
13761
13772
13775
13776
13783
13790
13808
13812
13823
13878
13892
13894
13900
13900
13918
13935
13982
13984
13988
14019
14019
14020
14046
14057
14065
14069
14075
14076
14088
14092
14130
14142
14144
14150
14182
14220
14223
14233
14239
14240
14257
14262
14266
14279
14284
14298
14320
14349
14367
14399
14417
14417
14429
14434
14470
14478
14478
14494
14521
14522
14523
14528
14552
14576
14594
14595
14600
14648
14653
14666
14669
14672
14674
14676
14679
14690
14692
14696
14699
14702
14740
14751
14765
14766
14773
14780
14804
14826
14850
14866
14886
14892
14899
14914
14949
14952
14955
15005
15005
15008
15014
15019
15023
15028
15041
15042
15049
15051
15051
15052
15071
15083
15083
15123
15130
15131
15134
15172
15197
15200
15201
15216
15224
15226
15227
15240
15240
15248
15256
15256
15269
15305
15306
15315
15327
15331
15340
15347
15386
15395
15399
15401
15403
15404
15405
15407
15423
15429
15444
15453
15467
15467
15472
15484
15487
15489
15521
15529
15540
15543
15547
15555
15565
15573
15579
15588
15590
15595
15608
15609
15620
15624
15626
15640
15669
15674
15687
15691
15693
15712
15712
15724
15725
15725
15734
15745
15752
15756
15776
15789
15791
15799
15811
15812
15813
15814
15816
15816
15818
15820
15820
15823
15839
15848
15860
15867
15872
15906
15906
15947
15964
15967
15967
15974
15975
15980
15991
15997
16003
16022
16031
16039
16061
16070
16095
16100
16107
16138
16140
16146
16205
16212
16234
16237
16238
16244
16247
16250
16266
16270
16287
16297
16308
16322
16331
16349
16354
16363
16366
16371
16373
16392
16418
16423
16433
16434
16436
16486
16504
16510
16513
16534
16542
16557
16560
16562
16589
16597
16600
16619
16630
16644
16652
16655
16665
16668
16668
16679
16698
16713
16715
16722
16727
16736
16742
16743
16763
16781
16791
16798
16822
16832
16842
16843
16844
16850
16852
16856
16888
16889
16892
16908
16927
16937
16948
16956
16964
16969
16976
16980
16998
16998
17006
17012
17014
17015
17029
17037
17041
17059
17076
17085
17085
17098
17100
17101
17108
17137
17143
17144
17148
17165
17170
17189
17214
17217
17217
17224
17233
17234
17239
17246
17248
17251
17253
17263
17269
17271
17277
17282
17296
17297
17310
17332
17345
17349
17350
17358
17360
17372
17372
17379
17384
17394
17394
17406
17442
17454
17458
17462
17465
17477
17477
17478
17481
17492
17494
17516
17520
17582
17612
17612
17615
17626
17632
17649
17650
17652
17657
17659
17668
17672
17686
17686
17687
17687
17704
17714
17719
17729
17740
17756
17763
17782
17800
17804
17846
17851
17855
17861
17863
17863
17879
17885
17894
17897
17913
17915
17923
17933
17934
17936
17953
17963
17963
17994
18000
18016
18018
18030
18037
18051
18056
18062
18072
18081
18084
18084
18089
18108
18111
18114
18128
18150
18159
18166
18179
18191
18204
18220
18226
18245
18261
18265
18266
18271
18281
18305
18328
18337
18350
18352
18367
18380
18381
18388
18390
18405
18423
18433
18439
18452
18463
18479
18488
18492
18493
18498
18508
18511
18518
18521
18586
18587
18590
18594
18603
18621
18666
18677
18683
18687
18706
18724
18734
18738
18746
18761
18778
18792
18794
18797
18799
18804
18805
18809
18825
18834
18837
18840
18855
18870
18872
18906
18925
18928
18946
18977
19006
19010
19016
19020
19023
19034
19039
19075
19109
19112
19132
19149
19158
19180
19192
19196
19199
19199
19215
19216
19217
19218
19236
19244
19249
19265
19279
19295
19317
19318
19337
19359
19406
19409
19425
19428
19435
19441
19451
19475
19484
19489
19492
19531
19538
19546
19558
19560
19562
19566
19575
19586
19586
19601
19611
19614
19621
19638
19651
19652
19659
19677
19685
19689
19696
19700
19710
19719
19733
19742
19743
19747
19783
19786
19801
19813
19818
19852
19855
19856
19879
19885
19900
19904
19904
19912
19929
19945
19945
19957
19964
19968
19975
19980
19981
19982
20019
20042
20046
20050
20054
20056
20085
20092
20113
20121
20135
20137
20168
20200
20204
20204
20218
20230
20239
20241
20247
20255
20260
20261
20266
20267
20299
20365
20378
20388
20393
20395
20426
20427
20430
20431
20435
20439
20444
20447
20463
20472
20480
20483
20491
20494
20499
20509
20516
20521
20527
20527
20572
20578
20588
20628
20629
20637
20653
20660
20665
20677
20683
20684
20684
20696
20712
20715
20721
20732
20744
20753
20764
20770
20778
20780
20787
20796
20813
20832
20838
20838
20848
20860
20860
20861
20873
20895
20900
20920
20924
20935
20944
20969
20970
20981
20982
20985
21001
21004
21011
21014
21019
21031
21049
21055
21060
21067
21075
21085
21098
21105
21108
21124
21134
21134
21135
21142
21144
21180
21189
21193
21228
21233
21235
21246
21257
21257
21278
21289
21303
21304
21305
21306
21309
21315
21327
21336
21342
21356
21386
21427
21434
21445
21450
21460
21469
21472
21488
21509
21512
21533
21573
21583
21586
21588
21592
21602
21603
21610
21619
21620
21626
21631
21642
21647
21668
21674
21683
21708
21712
21720
21727
21740
21741
21742
21744
21746
21750
21769
21770
21778
21783
21789
21791
21794
21798
21805
21811
21821
21832
21839
21840
21841
21854
21868
21874
21879
21885
21902
21914
21918
21922
21938
21942
21950
22000
22012
22025
22028
22044
22052
22053
22056
22057
22066
22092
22105
22134
22147
22152
22174
22179
22183
22198
22203
22205
22229
22230
22240
22242
22273
22297
22297
22299
22302
22302
22309
22311
22312
22315
22323
22328
22332
22343
22368
22377
22380
22382
22415
22419
22420
22425
22429
22431
22436
22452
22456
22505
22514
22519
22530
22542
22542
22557
22559
22563
22572
22575
22582
22624
22638
22660
22663
22705
22712
22730
22761
22777
22813
22814
22892
22893
22905
22916
22927
22929
22930
22933
22981
22983
23003
23028
23030
23030
23045
23051
23053
23057
23060
23061
23086
23088
23105
23112
23119
23133
23142
23144
23144
23147
23165
23178
23205
23207
23213
23220
23222
23224
23234
23234
23256
23258
23264
23274
23288
23291
23299
23339
23339
23343
23344
23344
23344
23348
23361
23361
23362
23377
23381
23437
23461
23472
23479
23487
23494
23508
23511
23512
23517
23521
23523
23528
23534
23540
23545
23554
23580
23581
23595
23612
23630
23635
23661
23662
23694
23698
23722
23728
23733
23748
23748
23762
23775
23784
23800
23807
23807
23814
23819
23832
23859
23874
23875
23879
23904
23906
23914
23915
23920
23931
23960
23970
23983
23984
24001
24005
24027
24035
24035
24037
24039
24045
24051
24054
24061
24064
24067
24068
24073
24073
24073
24077
24081
24084
24086
24091
24105
24117
24133
24139
24140
24160
24171
24174
24210
24219
24229
24231
24270
24300
24309
24310
24322
24325
24333
24342
24342
24344
24360
24386
24410
24421
24426
24434
24448
24454
24457
24458
24460
24473
24474
24490
24493
24493
24511
24544
24574
24587
24594
24603
24622
24630
24631
24635
24637
24642
24652
24661
24666
24667
24671
24677
24691
24698
24703
24715
24720
24723
24726
24727
24738
24778
24781
24808
24830
24846
24848
24851
24851
24853
24854
24856
24868
24877
24892
24966
24990
24994
24997
25001
25015
25019
25022
25041
25043
25051
25062
25073
25095
25095
25101
25111
25121
25122
25137
25138
25140
25177
25200
25207
25211
25229
25230
25241
25242
25262
25287
25293
25310
25310
25322
25323
25325
25326
25332
25382
25385
25407
25407
25415
25424
25432
25450
25450
25505
25509
25515
25524
25553
25553
25555
25580
25597
25599
25611
25619
25620
25661
25662
25667
25673
25682
25684
25692
25697
25708
25714
25716
25730
25748
25751
25758
25768
25770
25795
25800
25812
25818
25839
25844
25864
25868
25872
25875
25877
25884
25886
25907
25911
25915
25920
25923
25927
25939
25940
25941
25951
25954
25979
25985
25996
25998
26013
26020
26052
26100
26104
26129
26138
26139
26143
26151
26158
26173
26181
26190
26193
26217
26228
26231
26234
26236
26250
26276
26315
26327
26334
26351
26354
26361
26364
26373
26386
26387
26398
26402
26405
26405
26406
26414
26439
26440
26463
26470
26484
26485
26503
26512
26513
26533
26546
26555
26555
26592
26597
26601
26623
26697
26719
26721
26722
26727
26733
26794
26803
26806
26811
26817
26817
26823
26832
26852
26860
26879
26883
26883
26916
26928
26928
26933
26940
26963
26976
26980
26982
27005
27013
27022
27033
27035
27040
27055
27056
27057
27060
27061
27071
27095
27107
27124
27127
27168
27208
27224
27234
27256
27258
27273
27289
27315
27319
27328
27342
27355
27379
27380
27390
27394
27397
27402
27402
27419
27436
27442
27448
27452
27455
27457
27464
27482
27482
27489
27507
27511
27512
27516
27516
27555
27572
27577
27585
27589
27596
27596
27597
27606
27614
27617
27633
27639
27668
27681
27685
27699
27700
27717
27725
27758
27778
27782
27786
27790
27802
27810
27836
27836
27848
27861
27870
27870
27882
27894
27906
27912
27913
27913
27915
27925
27959
27968
27970
27994
28012
28027
28028
28032
28034
28062
28075
28076
28096
28102
28119
28122
28160
28166
28167
28167
28202
28232
28243
28244
28246
28251
28253
28260
28289
28298
28299
28317
28321
28328
28334
28341
28341
28374
28386
28389
28391
28395
28402
28422
28434
28439
28457
28464
28471
28487
28488
28495
28527
28530
28536
28541
28546
28556
28557
28573
28574
28592
28602
28605
28612
28617
28626
28635
28643
28648
28651
28658
28668
28673
28676
28677
28687
28689
28693
28697
28698
28700
28715
28730
28731
28734
28739
28745
28765
28776
28808
28821
28830
28861
28875
28884
28892
28899
28900
28908
28933
28934
28946
28953
28968
28982
29007
29007
29015
29020
29028
29035
29042
29055
29058
29062
29066
29067
29078
29080
29087
29087
29089
29090
29128
29129
29139
29139
29140
29142
29144
29148
29153
29163
29185
29195
29206
29208
29230
29237
29257
29259
29272
29288
29294
29303
29308
29323
29331
29331
29335
29357
29362
29365
29402
29411
29416
29417
29426
29431
29436
29440
29441
29461
29471
29475
29484
29491
29492
29492
29506
29508
29522
29526
29531
29540
29541
29549
29557
29567
29568
29581
29585
29590
29628
29630
29663
29670
29678
29678
29682
29686
29721
29729
29739
29747
29761
29775
29792
29793
29820
29832
29841
29858
29886
29911
29925
29933
29947
29955
29962
29984
29986
30016
30019
30027
30033
30039
30049
30053
30061
30063
30072
30074
30078
30082
30093
30103
30110
30119
30146
30176
30177
30180
30194
30199
30204
30215
30242
30287
30295
30296
30308
30310
30318
30324
30336
30344
30351
30363
30379
30399
30400
30401
30402
30409
30422
30441
30446
30471
30482
30488
30490
30500
30523
30529
30530
30531
30538
30543
30545
30568
30574
30591
30595
30600
30601
30606
30612
30621
30637
30656
30660
30699
30706
30708
30712
30716
30717
30719
30726
30740
30772
30809
30809
30858
30865
30867
30881
30891
30911
30932
30932
30933
30957
30973
30979
30983
30992
31007
31018
31021
31022
31033
31046
31050
31062
31062
31075
31081
31087
31093
31115
31127
31133
31165
31172
31195
31204
31224
31229
31233
31242
31251
31272
31300
31318
31320
31325
31345
31361
31367
31377
31399
31414
31416
31421
31426
31428
31430
31436
31437
31442
31454
31486
31486
31491
31502
31504
31513
31515
31518
31519
31520
31521
31549
31567
31573
31577
31589
31599
31605
31638
31642
31643
31645
31647
31667
31706
31712
31715
31724
31742
31742
31766
31769
31828
31838
31867
31901
31903
31918
31919
31925
31953
31965
31972
31982
32009
32028
32042
32045
32052
32055
32065
32066
32070
32083
32088
32096
32096
32096
32175
32181
32184
32190
32193
32194
32198
32202
32206
32221
32225
32236
32243
32262
32274
32286
32292
32299
32314
32315
32328
32347
32355
32367
32374
32404
32405
32417
32433
32440
32441
32442
32451
32454
32462
32463
32481
32518
32528
32528
32530
32534
32535
32553
32561
32566
32568
32573
32574
32620
32667
32678
32679
32684
32687
32689
32695
32704
32704
32709
32718
32731
32742
32761
32767
32771
32778
32787
32788
32797
32805
32812
32812
32822
32824
32827
32832
32834
32870
32873
32876
32882
32901
32901
32915
32917
32928
32945
32986
33002
33005
33007
33018
33034
33044
33061
33072
33073
33089
33092
33104
33111
33115
33131
33132
33160
33164
33165
33169
33174
33178
33193
33210
33211
33214
33219
33222
33223
33252
33265
33270
33272
33277
33282
33304
33316
33340
33341
33343
33347
33348
33351
33356
33376
33385
33388
33393
33394
33395
33409
33417
33427
33437
33447
33448
33457
33479
33486
33499
33505
33512
33517
33521
33577
33581
33622
33629
33634
33634
33652
33661
33683
33696
33698
33703
33736
33744
33752
33759
33763
33766
33767
33768
33770
33777
33787
33794
33794
33795
33810
33818
33830
33845
33848
33849
33850
33866
33872
33878
33879
33880
33883
33890
33901
33902
33907
33929
33933
33934
33941
33965
33994
33997
34007
34011
34017
34022
34025
34061
34067
34076
34088
34093
34093
34104
34124
34130
34137
34139
34142
34146
34164
34183
34185
34189
34190
34200
34275
34291
34314
34324
34350
34351
34352
34353
34361
34369
34375
34391
34395
34407
34416
34430
34437
34445
34463
34473
34496
34522
34522
34536
34549
34549
34550
34551
34556
34556
34560
34581
34601
34608
34624
34625
34626
34629
34630
34636
34636
34641
34651
34676
34678
34687
34703
34710
34711
34715
34726
34730
34731
34733
34735
34762
34785
34789
34795
34805
34808
34833
34872
34887
34901
34923
34934
34934
34957
34963
34969
34992
34995
34996
35000
35003
35009
35019
35029
35050
35058
35058
35062
35062
35084
35094
35094
35095
35100
35120
35125
35125
35149
35151
35161
35174
35188
35206
35208
35226
35227
35238
35240
35244
35248
35270
35276
35281
35297
35300
35302
35310
35319
35331
35346
35350
35351
35356
35357
35358
35381
35382
35389
35398
35413
35415
35441
35466
35467
35468
35471
35482
35507
35513
35517
35521
35524
35542
35570
35583
35584
35585
35596
35597
35605
35617
35619
35621
35626
35637
35638
35642
35678
35696
35696
35706
35717
35717
35738
35744
35748
35753
35758
35769
35783
35790
35792
35806
35813
35843
35861
35865
35866
35880
35890
35893
35895
35903
35909
35914
35946
35946
35950
35966
35966
35984
35991
35993
35996
36018
36018
36030
36045
36046
36051
36051
36059
36067
36080
36083
36087
36102
36104
36117
36133
36138
36178
36198
36205
36235
36240
36259
36265
36267
36267
36278
36300
36318
36326
36341
36347
36366
36376
36383
36393
36402
36408
36414
36418
36424
36441
36451
36452
36456
36461
36471
36480
36482
36482
36487
36496
36500
36506
36513
36524
36538
36578
36587
36592
36599
36603
36607
36624
36645
36651
36656
36658
36662
36672
36674
36675
36682
36683
36687
36721
36725
36727
36730
36731
36741
36750
36776
36781
36782
36786
36788
36789
36789
36824
36846
36850
36865
36868
36886
36896
36906
36907
36908
36935
36938
36950
36952
36956
36969
36980
36987
36996
37003
37011
37028
37030
37030
37055
37062
37095
37114
37133
37143
37150
37155
37174
37200
37204
37218
37242
37247
37253
37267
37270
37290
37295
37310
37313
37314
37321
37328
37331
37338
37345
37356
37362
37376
37408
37409
37412
37417
37433
37437
37441
37470
37473
37473
37473
37484
37487
37490
37492
37493
37505
37515
37531
37534
37539
37567
37577
37578
37584
37594
37596
37598
37598
37606
37618
37632
37632
37644
37645
37652
37669
37669
37678
37684
37695
37706
37712
37714
37727
37742
37754
37760
37772
37776
37776
37778
37786
37807
37809
37821
37838
37862
37866
37880
37889
37906
37913
37917
37935
37936
37942
37951
37954
37979
37984
38000
38025
38038
38053
38065
38077
38110
38115
38144
38144
38145
38161
38173
38176
38178
38186
38197
38202
38203
38207
38220
38232
38232
38241
38241
38278
38293
38294
38307
38310
38316
38323
38326
38333
38338
38339
38342
38405
38421
38425
38433
38436
38460
38461
38466
38469
38471
38478
38480
38492
38492
38513
38555
38578
38604
38607
38611
38612
38613
38619
38620
38644
38650
38654
38696
38711
38713
38726
38729
38731
38745
38753
38754
38760
38764
38769
38770
38786
38798
38801
38804
38819
38827
38831
38841
38843
38846
38847
38860
38864
38866
38872
38872
38884
38905
38913
38916
38919
38930
38950
38978
38978
38981
38986
38990
38995
38996
39001
39002
39004
39008
39013
39028
39039
39042
39047
39049
39049
39064
39067
39071
39075
39076
39098
39106
39106
39109
39110
39117
39119
39148
39159
39162
39169
39173
39174
39177
39182
39191
39199
39200
39200
39200
39200
39200
39217
39221
39222
39231
39258
39264
39275
39299
39302
39306
39308
39311
39337
39365
39366
39367
39376
39391
39395
39397
39400
39438
39446
39448
39448
39456
39457
39483
39489
39505
39538
39540
39580
39582
39582
39594
39598
39605
39627
39639
39646
39649
39656
39656
39656
39658
39658
39674
39677
39694
39698
39700
39701
39731
39745
39749
39754
39758
39763
39770
39787
39791
39803
39813
39822
39828
39831
39832
39845
39847
39848
39860
39876
39890
39890
39896
39907
39921
39946
39952
39954
39966
39968
39988
39988
39998
40006
40012
40019
40036
40037
40088
40095
40108
40114
40119
40124
40126
40127
40132
40132
40140
40145
40159
40172
40174
40175
40181
40206
40212
40222
40223
40230
40231
40233
40234
40249
40251
40254
40264
40266
40276
40279
40296
40300
40306
40334
40388
40388
40390
40403
40404
40414
40427
40428
40430
40431
40446
40467
40467
40477
40479
40482
40487
40511
40512
40517
40525
40546
40548
40555
40568
40577
40584
40630
40635
40635
40671
40702
40703
40707
40709
40711
40722
40730
40738
40741
40765
40779
40780
40789
40790
40794
40801
40808
40811
40842
40865
40872
40875
40945
40948
40952
40984
40989
40996
41001
41009
41010
41013
41031
41041
41045
41055
41064
41074
41074
41077
41078
41105
41129
41142
41145
41155
41159
41169
41174
41178
41194
41210
41211
41216
41220
41232
41236
41238
41256
41258
41260
41268
41270
41275
41279
41286
41293
41300
41306
41352
41361
41372
41376
41380
41381
41387
41408
41420
41441
41474
41484
41488
41499
41510
41525
41585
41586
41593
41614
41616
41618
41628
41649
41658
41658
41668
41691
41693
41708
41709
41717
41719
41726
41730
41743
41752
41776
41780
41781
41793
41794
41824
41833
41844
41897
41897
41900
41907
41917
41918
41927
41936
41938
41948
41958
41960
41965
41969
41988
41989
41993
42009
42014
42017
42017
42021
42023
42024
42028
42068
42077
42096
42121
42141
42142
42148
42157
42161
42162
42167
42169
42192
42195
42230
42241
42255
42257
42260
42266
42278
42287
42294
42304
42308
42312
42319
42341
42355
42355
42358
42361
42363
42366
42367
42384
42390
42402
42420
42423
42424
42485
42495
42509
42513
42536
42560
42568
42573
42573
42583
42586
42599
42602
42607
42609
42613
42618
42620
42622
42634
42639
42654
42656
42673
42685
42687
42697
42708
42713
42719
42732
42743
42751
42752
42784
42795
42803
42812
42864
42867
42871
42929
42929
42939
42947
42954
42968
42976
42987
43001
43002
43008
43018
43023
43035
43099
43128
43133
43156
43159
43166
43185
43208
43217
43220
43245
43250
43251
43260
43260
43261
43298
43309
43317
43322
43325
43339
43344
43352
43355
43363
43368
43375
43380
43400
43405
43406
43416
43423
43423
43429
43447
43461
43465
43526
43533
43546
43550
43554
43557
43570
43610
43611
43628
43653
43671
43698
43701
43706
43708
43711
43713
43719
43743
43751
43755
43764
43765
43768
43787
43794
43816
43824
43832
43853
43879
43885
43889
43907
43911
43932
43940
43945
43957
43973
43981
43982
43983
44021
44028
44029
44036
44056
44064
44078
44101
44106
44111
44135
44140
44152
44159
44169
44170
44182
44186
44197
44240
44243
44255
44303
44311
44318
44320
44335
44346
44356
44363
44364
44378
44389
44401
44404
44407
44416
44431
44442
44445
44446
44458
44474
44477
44484
44501
44502
44512
44518
44536
44540
44540
44543
44544
44553
44565
44567
44569
44583
44588
44592
44594
44603
44608
44629
44629
44639
44670
44697
44697
44702
44705
44707
44709
44714
44716
44717
44725
44733
44736
44764
44770
44770
44778
44783
44800
44811
44828
44840
44845
44847
44853
44860
44886
44887
44899
44905
44930
44959
44962
44964
44978
44988
44994
45009
45058
45075
45080
45117
45154
45164
45170
45170
45191
45192
45200
45221
45223
45244
45254
45261
45274
45313
45320
45325
45330
45336
45347
45348
45353
45355
45366
45370
45380
45391
45396
45398
45404
45412
45426
45435
45437
45447
45451
45456
45466
45483
45488
45492
45493
45502
45502
45504
45506
45510
45517
45522
45553
45563
45565
45566
45583
45601
45611
45614
45617
45618
45642
45683
45684
45700
45700
45715
45718
45719
45726
45754
45754
45756
45759
45767
45778
45789
45804
45810
45820
45836
45841
45855
45870
45882
45884
45900
45918
45930
45942
45947
45988
46002
46005
46007
46007
46018
46030
46039
46042
46042
46047
46048
46051
46062
46066
46067
46070
46084
46106
46119
46124
46137
46139
46139
46140
46145
46171
46185
46198
46206
46214
46219
46230
46236
46237
46241
46258
46260
46275
46281
46286
46290
46317
46319
46336
46347
46348
46382
46401
46441
46449
46462
46483
46486
46487
46487
46496
46522
46538
46540
46566
46570
46581
46582
46584
46588
46594
46599
46605
46606
46608
46613
46630
46641
46655
46661
46661
46695
46699
46774
46781
46785
46833
46849
46851
46856
46856
46857
46861
46865
46869
46880
46900
46935
46947
46960
46966
46967
46983
47004
47017
47022
47028
47039
47042
47052
47059
47064
47067
47069
47078
47091
47094
47102
47102
47112
47138
47143
47162
47174
47191
47198
47216
47216
47229
47234
47235
47245
47254
47275
47288
47292
47293
47297
47313
47324
47334
47336
47362
47384
47385
47396
47397
47397
47407
47413
47420
47422
47437
47438
47445
47448
47469
47493
47505
47533
47534
47540
47554
47560
47581
47587
47592
47599
47614
47631
47641
47647
47653
47685
47694
47709
47719
47733
47744
47747
47747
47753
47757
47759
47775
47776
47779
47786
47799
47813
47817
47828
47837
47848
47863
47866
47867
47873
47874
47875
47877
47886
47890
47902
47904
47904
47915
47922
47926
47941
47961
47961
47972
47982
47984
47984
47987
47988
48017
48025
48033
48043
48047
48051
48062
48072
48081
48081
48089
48096
48098
48102
48104
48123
48133
48135
48144
48162
48162
48167
48167
48169
48181
48201
48206
48210
48217
48220
48223
48226
48233
48236
48245
48246
48252
48257
48259
48273
48273
48275
48293
48302
48316
48328
48358
48365
48366
48376
48379
48380
48394
48411
48427
48430
48432
48466
48480
48482
48490
48501
48501
48521
48527
48543
48551
48569
48570
48572
48579
48585
48585
48589
48603
48613
48622
48623
48643
48650
48658
48674
48685
48685
48696
48699
48702
48703
48704
48707
48734
48736
48742
48749
48752
48762
48775
48778
48780
48783
48786
48810
48828
48833
48835
48845
48858
48874
48876
48891
48893
48902
48917
48926
48939
48979
48995
48995
49003
49006
49033
49052
49052
49059
49068
49080
49081
49100
49115
49123
49147
49170
49177
49187
49187
49195
49199
49227
49259
49330
49337
49354
49381
49391
49392
49404
49405
49432
49440
49442
49465
49472
49488
49492
49517
49524
49530
49535
49574
49583
49586
49587
49612
49623
49627
49635
49636
49638
49662
49669
49675
49683
49693
49711
49719
49732
49746
49770
49805
49809
49843
49863
49870
49873
49874
49876
49899
49899
49908
49931
49949
49954
49970
49975
49995
49996